0 0.7557628633 2.1064439007 0.5711775056
1 0.6046102907 2.1064439007 0.3655536036
2 0.4836882325 2.1064439007 0.2339543063
3 0.3869505860 2.1064439007 0.1497307560
4 0.3095604688 2.1064439007 0.0958276839
5 0.2476483751 2.1064439007 0.0613297177
6 0.1981187000 2.1064439007 0.0392510193
7 0.1584949600 2.1064439007 0.0251206524
8 0.1267959680 2.1064439007 0.0160772175
9 0.1014367744 2.1064439007 0.0102894192
10 0.0811494195 2.1064439007 0.0065852283
11 0.0649195356 2.1064439007 0.0042145461
12 0.0519356285 2.1064439007 0.0026973095
13 0.0415485028 2.1064439007 0.0017262781
14 0.0332388022 2.1064439007 0.0011048180
15 0.0265910418 2.1064439007 0.0007070835
16 0.0212728334 2.1064439007 0.0004525334
17 0.0170182667 2.1064439007 0.0002896214
18 0.0136146134 2.1064439007 0.0001853577
19 0.0108916907 2.1064439007 0.0001186289
20 0.0087133526 2.1064439007 0.0000759225
21 0.0069706821 2.1064439007 0.0000485904
22 0.0055765456 2.1064439007 0.0000310979
23 0.0044612365 2.1064439007 0.0000199026
24 0.0035689892 2.1064439007 0.0000127377
25 0.0028551914 2.1064439007 0.0000081521
26 0.0022841531 2.1064439007 0.0000052174
27 0.0018273225 2.1064439007 0.0000033391
28 0.0014618580 2.1064439007 0.0000021370
29 0.0011694864 2.1064439007 0.0000013677
30 0.0009355891 2.1064439007 0.0000008753
31 0.0007484713 2.1064439007 0.0000005602
32 0.0005987770 2.1064439007 0.0000003585
33 0.0004790216 2.1064439007 0.0000002295
34 0.0003832173 2.1064439007 0.0000001469
35 0.0003065738 2.1064439007 0.0000000940
36 0.0002452591 2.1064439007 0.0000000602
37 0.0001962073 2.1064439007 0.0000000385
38 0.0001569658 2.1064439007 0.0000000246
39 0.0001255726 2.1064439007 0.0000000158
40 0.0001004581 2.1064439007 0.0000000101
41 0.0000803665 2.1064439007 0.0000000065
42 0.0000642932 2.1064439007 0.0000000041
43 0.0000514346 2.1064439007 0.0000000026
44 0.0000411476 2.1064439007 0.0000000017
45 0.0000329181 2.1064439007 0.0000000011
46 0.0000263345 2.1064439007 0.0000000007
47 0.0000210676 2.1064439007 0.0000000004
48 0.0000168541 2.1064439007 0.0000000003
49 0.0000134833 2.1064439007 0.0000000002
50 0.0000107866 2.1064439007 0.0000000001
51 0.0000086293 2.1064439007 0.0000000001
52 0.0000069034 2.1064439007 0.0000000000
53 0.0000055227 2.1064439007 0.0000000000
54 0.0000044182 2.1064439007 0.0000000000
55 0.0000035346 2.1064439007 0.0000000000
56 0.0000028276 2.1064439007 0.0000000000
57 0.0000022621 2.1064439007 0.0000000000
58 0.0000018097 2.1064439007 0.0000000000
59 0.0000014478 2.1064439007 0.0000000000
60 0.0000011582 2.1064439007 0.0000000000
61 0.0000009266 2.1064439007 0.0000000000
62 0.0000007413 2.1064439007 0.0000000000
63 0.0000005930 2.1064439007 0.0000000000
64 0.0000004744 2.1064439007 0.0000000000
