0 0.7557628633 2.1064439007 5.0082834122
1 0.6046102907 1.6851551205 3.2053013838
2 0.4836882325 1.3481240964 2.0513928856
3 0.3869505860 1.0784992771 1.3128914468
4 0.3095604688 0.8627994217 0.8402505260
5 0.2476483751 0.6902395374 0.5377603366
6 0.1981187000 0.5521916299 0.3441666154
7 0.1584949600 0.4417533039 0.2202666339
8 0.1267959680 0.3534026431 0.1409706457
9 0.1014367744 0.2827221145 0.0902212132
10 0.0811494195 0.2261776916 0.0577415765
11 0.0649195356 0.1809421533 0.0369546089
12 0.0519356285 0.1447537226 0.0236509497
13 0.0415485028 0.1158029781 0.0151366078
14 0.0332388022 0.0926423825 0.0096874290
15 0.0265910418 0.0741139060 0.0061999546
16 0.0212728334 0.0592911248 0.0039679709
17 0.0170182667 0.0474328998 0.0025395014
18 0.0136146134 0.0379463199 0.0016252809
19 0.0108916907 0.0303570559 0.0010401798
20 0.0087133526 0.0242856447 0.0006657151
21 0.0069706821 0.0194285158 0.0004260576
22 0.0055765456 0.0155428126 0.0002726769
23 0.0044612365 0.0124342501 0.0001745132
24 0.0035689892 0.0099474001 0.0001116885
25 0.0028551914 0.0079579201 0.0000714806
26 0.0022841531 0.0063663360 0.0000457476
27 0.0018273225 0.0050930688 0.0000292785
28 0.0014618580 0.0040744551 0.0000187382
29 0.0011694864 0.0032595641 0.0000119925
30 0.0009355891 0.0026076512 0.0000076752
31 0.0007484713 0.0020861210 0.0000049121
32 0.0005987770 0.0016688968 0.0000031438
33 0.0004790216 0.0013351174 0.0000020120
34 0.0003832173 0.0010680940 0.0000012877
35 0.0003065738 0.0008544752 0.0000008241
36 0.0002452591 0.0006835801 0.0000005274
37 0.0001962073 0.0005468641 0.0000003376
38 0.0001569658 0.0004374913 0.0000002160
39 0.0001255726 0.0003499930 0.0000001383
40 0.0001004581 0.0002799944 0.0000000885
41 0.0000803665 0.0002239955 0.0000000566
42 0.0000642932 0.0001791964 0.0000000362
43 0.0000514346 0.0001433571 0.0000000232
44 0.0000411476 0.0001146857 0.0000000148
45 0.0000329181 0.0000917486 0.0000000095
46 0.0000263345 0.0000733989 0.0000000061
47 0.0000210676 0.0000587191 0.0000000039
48 0.0000168541 0.0000469753 0.0000000025
49 0.0000134833 0.0000375802 0.0000000016
50 0.0000107866 0.0000300642 0.0000000010
51 0.0000086293 0.0000240513 0.0000000007
52 0.0000069034 0.0000192411 0.0000000004
53 0.0000055227 0.0000153929 0.0000000003
54 0.0000044182 0.0000123143 0.0000000002
55 0.0000035346 0.0000098514 0.0000000001
56 0.0000028276 0.0000078811 0.0000000001
57 0.0000022621 0.0000063049 0.0000000000
58 0.0000018097 0.0000050439 0.0000000000
59 0.0000014478 0.0000040351 0.0000000000
60 0.0000011582 0.0000032281 0.0000000000
61 0.0000009266 0.0000025825 0.0000000000
62 0.0000007413 0.0000020660 0.0000000000
63 0.0000005930 0.0000016528 0.0000000000
64 0.0000004744 0.0000013222 0.0000000000
65 0.0000003795 0.0000010578 0.0000000000
66 0.0000003036 0.0000008462 0.0000000000
67 0.0000002429 0.0000006770 0.0000000000
68 0.0000001943 0.0000005416 0.0000000000
69 0.0000001555 0.0000004333 0.0000000000
