0.5806800865 0.4855006700
0.5289267956 0.4566484804
0.4692819049 0.4185493744
0.4013156610 0.3694302707
0.3249374615 0.3079337096
0.2405440051 0.2336183871
0.1491536571 0.1474976338
0.0524803789 0.0524081251
-0.0471066505 -0.0470543945
-0.1467738976 -0.1451957897
-0.2435521698 -0.2363643335
-0.3347276221 -0.3161501801
-0.4181814030 -0.3821462858
-0.4925819863 -0.4340212632
-0.5573991385 -0.4730277410
-0.6127771723 -0.5012847601
-0.6593392016 -0.5211398625
-0.6979881526 -0.5347543442
-0.7297436855 -0.5439110307
-0.7556277652 -0.5499770189
-0.7765950348 -0.5539483868
-0.7934974113 -0.5565246612
-0.8070717398 -0.5581840311
-0.8179414070 -0.5592469004
-0.8266254510 -0.5599247500
-0.8335509783 -0.5603555891
-0.8390663802 -0.5606287034
-0.8434539685 -0.5608014739
-0.8469413621 -0.5609105889
-0.8497113773 -0.5609794130
-0.8519104105 -0.5610227797
-0.8536554242 -0.5610500835
-0.8550396973 -0.5610672633
-0.8561375167 -0.5610780675
-0.8570079791 -0.5610848595
-0.8576980568 -0.5610891280
-0.8582450599 -0.5610918098
-0.8586786076 -0.5610934945
-0.8590222042 -0.5610945526
-0.8592944949 -0.5610952170
-0.8595102668 -0.5610956343
-0.8596812444 -0.5610958963
-0.8598167228 -0.5610960608
-0.8599240697 -0.5610961640
-0.8600091248 -0.5610962289
-0.8600765161 -0.5610962696
-0.8601299114 -0.5610962951
-0.8601722170 -0.5610963111
-0.8602057358 -0.5610963212
-0.8602322926 -0.5610963275
-0.8602533334 -0.5610963315
-0.8602700038 -0.5610963340
-0.8602832116 -0.5610963356
-0.8602936759 -0.5610963365
-0.8603019666 -0.5610963372
-0.8603085352 -0.5610963375
-0.8603137394 -0.5610963378
-0.8603178626 -0.5610963379
-0.8603211293 -0.5610963380
-0.8603237174 -0.5610963381
-0.8603257680 -0.5610963381
-0.8603273926 -0.5610963382
-0.8603286797 -0.5610963382
-0.8603296995 -0.5610963382
-0.8603305074 -0.5610963382
-0.8603311475 -0.5610963382
-0.8603316547 -0.5610963382
-0.8603320565 -0.5610963382
-0.8603323748 -0.5610963382
-0.8603326270 -0.5610963382
-0.8603328269 -0.5610963382
-0.8603329852 -0.5610963382
-0.8603331106 -0.5610963382
