0 0.7557628633 2.1064439007 0.5500053277
1 0.4186077826 2.1064439007 0.3824634061
2 -0.7784213481 2.1064439007 -0.5542538141
3 -1.0447949850 2.1064439007 -0.5245698702
4 -0.3984088754 2.1064439007 -0.3672052695
5 -1.6334652982 2.1064439007 0.1023005968
6 1.0920822413 2.1064439007 0.5030547918
7 1.9110584833 2.1064439007 -0.6377856312
8 5.3487729766 2.1064439007 3.1787285079
9 -2.5338541113 2.1064439007 2.0801458336
10 1.1173095999 2.1064439007 0.4894961255
11 2.0290124531 2.1064439007 -0.8975315422
12 5.6709203759 2.1064439007 4.6407886793
13 -0.8939408906 2.1064439007 -0.5599152213
14 -0.7803982357 2.1064439007 -0.5545770599
15 -1.0405331756 2.1064439007 -0.5262604464
16 -0.4096054844 2.1064439007 -0.3757221032
17 -1.6237928733 2.1064439007 0.0860151372
18 1.0721277015 2.1064439007 0.5127522809
19 1.8180525381 2.1064439007 -0.4449584329
20 5.0501367694 2.1064439007 1.6734282970
21 -3.1547194090 2.1064439007 3.1544476153
22 -1.6115282834 2.1064439007 0.0656225510
23 1.0464405610 2.1064439007 0.5239061484
24 1.6988002410 2.1064439007 -0.2168597383
25 4.6170161319 2.1064439007 -0.4396707326
26 -2.6292808368 2.1064439007 2.2917169358
27 0.8490761038 2.1064439007 0.5609650269
28 0.8115619263 2.1064439007 0.5586518879
29 0.6510624367 2.1064439007 0.5178813502
30 0.0056523946 2.1064439007 0.0056523043
31 -1.6042704475 2.1064439007 0.0536915143
32 1.0310413007 2.1064439007 0.5298787871
33 1.6276059471 2.1064439007 -0.0924139486
34 4.3352384332 2.1064439007 -1.5965503147
35 -1.5610251055 2.1064439007 -0.0152528791
36 0.9363739208 2.1064439007 0.5550004441
37 1.1963187583 2.1064439007 0.4375970752
38 2.3999968384 2.1064439007 -1.7697374607
39 6.1971925819 2.1064439007 6.1742933571
40 3.7362080325 2.1064439007 -3.0949403093
41 1.7001648972 2.1064439007 -0.2193348990
42 4.6222594665 2.1064439007 -0.4160381955
43 -2.6444603448 2.1064439007 2.3243584582
44 0.8011252458 2.1064439007 0.5575023107
45 0.6069925716 2.1064439007 0.4985637686
46 -0.1579807362 2.1064439007 -0.1560133983
47 -1.7079160632 2.1064439007 0.2334558267
48 1.2360908041 2.1064439007 0.4060447640
49 2.5868896146 2.1064439007 -2.1990033260
50 6.1490920186 2.1064439007 6.0938913641
51 3.2299911926 2.1064439007 -3.2173793457
52 4.3746055751 2.1064439007 -1.4497292808
53 -1.7369654461 2.1064439007 0.2873035672
54 1.2873315456 2.1064439007 0.3600458170
55 2.8269312271 2.1064439007 -2.6881323529
56 5.7665030323 2.1064439007 5.0137605198
57 -0.2196462799 2.1064439007 -0.2143691859
58 -1.7139147776 2.1064439007 0.2444563005
59 1.2469108431 2.1064439007 0.3968323878
60 2.6376716062 2.1064439007 -2.3097983962
61 6.0980924188 2.1064439007 5.9939318772
62 2.7087222012 2.1064439007 -2.4588842893
63 5.9995869599 2.1064439007 5.7599322284
64 1.7511002828 2.1064439007 -0.3140223802
65 4.8133882402 2.1064439007 0.4853225491
66 -3.0590068799 2.1064439007 3.0485809671
67 -1.0482213582 2.1064439007 -0.5231810066
68 -0.3893943173 2.1064439007 -0.3602439331
69 -1.6408700533 2.1064439007 0.1148878027
70 1.1071737260 2.1064439007 0.4951183774
71 1.9815767056 2.1064439007 -0.7912929361
72 5.5494223769 2.1064439007 4.1213326275
73 -1.6294639148 2.1064439007 0.0955418881
74 1.0838601397 2.1064439007 0.5071602492
75 1.8727011690 2.1064439007 -0.5568279070
76 5.2301014185 2.1064439007 2.5883439779
77 -2.8836688381 2.1064439007 2.7882818067
78 -0.1426930719 2.1064439007 -0.1412428260
79 -1.7036594276 2.1064439007 0.2256881071
80 1.2283390577 2.1064439007 0.4124795536
81 2.5504865352 2.1064439007 -2.1177321452
82 6.1756581674 2.1064439007 6.1399908082
83 3.5078938213 2.1064439007 -3.2751749523
84 2.9882754674 2.1064439007 -2.9532227710
85 5.3141315586 2.1064439007 3.0082226744
86 -2.6501946347 2.1064439007 2.3366078441
87 0.7826346451 2.1064439007 0.5549334979
88 0.5295694099 2.1064439007 0.4570314643
89 -0.4291959638 2.1064439007 -0.3902681625
90 -1.6056150767 2.1064439007 0.0558942143
91 1.0339052353 2.1064439007 0.5288083816
92 1.6408282721 2.1064439007 -0.1148164896
93 4.3887455716 2.1064439007 -1.3957216720
94 -1.7982787721 2.1064439007 0.4055578005
95 1.3854571360 2.1064439007 0.2553119383
96 3.2811509852 2.1064439007 -3.2492500978
97 4.1406503704 2.1064439007 -2.2404850873
98 -0.5944120350 2.1064439007 -0.4924572435
99 -1.3923187870 2.1064439007 -0.2471804478
100 0.5278806593 2.1064439007 0.4560237119
101 -0.4348689563 2.1064439007 -0.3943936403
102 -1.6000559627 2.1064439007 0.0468103749
103 1.0220327790 2.1064439007 0.5331257424
104 1.5860723439 2.1064439007 -0.0242279259
105 4.1639443072 2.1064439007 -2.1709166813
106 -0.7173901706 2.1064439007 -0.5405707456
107 -1.1712445913 2.1064439007 -0.4556204991
108 -0.0603661167 2.1064439007 -0.0602561610
109 -1.6615701457 2.1064439007 0.1506200199
110 1.1484892068 2.1064439007 0.4707266448
111 2.1752241821 2.1064439007 -1.2361611805
112 5.9718060786 2.1064439007 5.6846333819
113 1.4935828921 2.1064439007 0.1152101066
114 3.7668965532 2.1064439007 -3.0541442435
115 1.5223248990 2.1064439007 0.0737603704
116 3.8923808862 2.1064439007 -2.8459195464
117 0.7942733417 2.1064439007 0.5566293917
118 0.5782035901 2.1064439007 0.4842141538
119 -0.2613239940 2.1064439007 -0.2524517199
120 -1.7079623460 2.1064439007 0.2335404601
121 1.2361747532 2.1064439007 0.4059743221
122 2.5872837586 2.1064439007 -2.1998752997
123 6.1487586941 2.1064439007 6.0932866876
124 3.2265313974 2.1064439007 -3.2148993424
125 4.3900248905 2.1064439007 -1.3908027204
126 -1.8037755375 2.1064439007 0.4164507625
127 1.3935556395 2.1064439007 0.2457035961
128 3.3181656714 2.1064439007 -3.2665729917
129 3.9647299243 2.1064439007 -2.6957152323
130 0.3787074032 2.1064439007 0.3518734502
131 -0.8917881873 2.1064439007 -0.5600621294
132 -0.7855852797 2.1064439007 -0.5553887270
133 -1.0293036137 2.1064439007 -0.5305192749
134 -0.4390196799 2.1064439007 -0.3973869104
135 -1.5959052316 2.1064439007 0.0400672221
136 1.0131133723 2.1064439007 0.5361615256
137 1.5450387842 2.1064439007 0.0397920019
138 3.9902610429 2.1064439007 -2.6374946089
139 0.2336279189 2.1064439007 0.2272809271
140 -1.2455532698 2.1064439007 -0.3980029827
141 0.1401957049 2.1064439007 0.1388201983
142 -1.4224673239 2.1064439007 -0.2102203164
143 0.6046226565 2.1064439007 0.4974331311
144 -0.1665961609 2.1064439007 -0.1642896247
145 -1.7098276098 2.1064439007 0.2369544250
146 1.2395519925 2.1064439007 0.4031270620
147 2.6031382477 2.1064439007 -2.2348001785
148 6.1345394057 2.1064439007 6.0668909279
149 3.0795767950 2.1064439007 -3.0736567178
150 4.9937667122 2.1064439007 1.3866664565
151 -3.1770802390 2.1064439007 3.1750798912
152 -1.7495783451 2.1064439007 0.3111295069
153 1.3086536594 2.1064439007 0.3391383973
154 2.9263742696 2.1064439007 -2.8588621691
155 5.5054148328 2.1064439007 3.9224965800
156 -1.8612834527 2.1064439007 0.5331069017
157 1.4709705244 2.1064439007 0.1465970516
158 3.6669900293 2.1064439007 -3.1724036616
159 2.0987225679 2.1064439007 -1.0572168060
160 5.8286610587 2.1064439007 5.2368771093
161 0.2621573587 2.1064439007 0.2532002583
162 -1.1834474006 2.1064439007 -0.4470295983
163 -0.0274108886 2.1064439007 -0.0274005916
164 -1.6355965513 2.1064439007 0.1059128648
165 1.0964424675 2.1064439007 0.5008151660
166 1.9314180320 2.1064439007 -0.6815124741
167 5.4090835073 2.1064439007 3.4709331982
168 -2.3032624426 2.1064439007 1.5402037835
169 1.5305410354 2.1064439007 0.0615957363
170 3.9279222754 2.1064439007 -2.7748721834
171 0.5894286473 2.1064439007 0.4899675272
172 -0.2213724844 2.1064439007 -0.2159703346
173 -1.7138272185 2.1064439007 0.2442952841
174 1.2467537925 2.1064439007 0.3969680241
175 2.6369348017 2.1064439007 -2.3082143960
176 6.0989483227 2.1064439007 5.9957316641
177 2.7173329644 2.1064439007 -2.4764243562
178 5.9855099023 2.1064439007 5.7222723970
179 1.6198938198 2.1064439007 -0.0795007762
180 4.3037953003 2.1064439007 -1.7099803720
181 -1.4152302815 2.1064439007 -0.2192748370
182 0.5863226965 2.1064439007 0.4883956453
183 -0.2324712215 2.1064439007 -0.2262177548
184 -1.7129348543 2.1064439007 0.2426550333
185 1.2451517054 2.1064439007 0.3983484298
186 2.6294180877 2.1064439007 -2.2920134500
187 6.1074851993 2.1064439007 6.0134568192
188 2.8034792534 2.1064439007 -2.6447522689
189 5.8195218081 2.1064439007 5.2050971882
190 0.1892357817 2.1064439007 0.1858575971
191 -1.3347120408 2.1064439007 -0.3121855855
192 0.3779923282 2.1064439007 0.3513088859
193 -0.8937585689 2.1064439007 -0.5599280441
194 -0.7808378913 2.1064439007 -0.5546479074
195 -1.0395840029 2.1064439007 -0.5266313945
196 -0.4120966973 2.1064439007 -0.3775972164
197 -1.6215695713 2.1064439007 0.0822969784
198 1.0675028417 2.1064439007 0.5148707525
199 1.7965398152 2.1064439007 -0.4021213905
200 4.9759500808 2.1064439007 1.2963361387
201 -3.1781246730 2.1064439007 3.1760041646
202 -1.7560836545 2.1064439007 0.3235214490
203 1.3194258465 2.1064439007 0.3281829044
204 2.9764828015 2.1064439007 -2.9360035460
205 5.3522262896 2.1064439007 3.1956266679
206 -2.5216121758 2.1064439007 2.0523144284
207 1.1475698862 2.1064439007 0.4713119474
208 2.1709081156 2.1064439007 -1.2259872155
209 5.9645921340 2.1064439007 5.6644360789
210 1.4276584643 2.1064439007 0.2036548863
211 3.4730162797 2.1064439007 -3.2840149730
212 3.1759664542 2.1064439007 -3.1740903444
213 4.6092862432 2.1064439007 -0.4743885123
214 -2.6065550659 2.1064439007 2.2422876007
215 0.9181575469 2.1064439007 0.5575832932
216 1.1148618136 2.1064439007 0.4908753941
217 2.0175518931 2.1064439007 -0.8716667697
218 5.6425927977 2.1064439007 4.5239023549
219 -1.0777943633 2.1064439007 -0.5100904270
220 -0.3111543932 2.1064439007 -0.2962130013
221 -1.6904710707 2.1064439007 0.2018241305
222 1.2039374940 2.1064439007 0.4318343883
223 2.4358141778 2.1064439007 -1.8539148376
224 6.2048894447 2.1064439007 6.1858804214
225 3.8184550241 2.1064439007 -2.9766453316
226 1.2228963385 2.1064439007 0.4169151504
227 2.5249180749 2.1064439007 -2.0598436678
228 6.1893272720 2.1064439007 6.1620853637
229 3.6525080335 2.1064439007 -3.1860728025
230 2.1814651108 2.1064439007 -1.2508859061
231 5.9820518489 2.1064439007 5.7128649934
232 1.5878876284 2.1064439007 -0.0271377451
233 4.1715289822 2.1064439007 -2.1478094327
234 -0.7570632377 2.1064439007 -0.5502760178
235 -1.0901927914 2.1064439007 -0.5040118527
236 -0.2781457673 2.1064439007 -0.2674555722
237 -1.7033094805 2.1064439007 0.2250509201
238 1.2276990568 2.1064439007 0.4130046582
239 2.5474803289 2.1064439007 -2.1109586770
240 6.1774788471 2.1064439007 6.1429978436
241 3.5270931668 2.1064439007 -3.2682410136
242 2.8836442945 2.1064439007 -2.7882400213
243 5.6247100798 2.1064439007 4.4487304376
244 -1.1900196990 2.1064439007 -0.4422608062
245 -0.0096570749 2.1064439007 -0.0096566246
246 -1.6194318571 2.1064439007 0.0787308800
247 1.0630427225 2.1064439007 0.5168678353
248 1.7758100771 2.1064439007 -0.3615205205
249 4.9027553192 2.1064439007 0.9276926377
250 -3.1527276791 2.1064439007 3.1525322296
251 -1.5993465030 2.1064439007 0.0456554215
252 1.0205115413 2.1064439007 0.5336560945
253 1.5790675171 2.1064439007 -0.0130606190
254 4.1345957219 2.1064439007 -2.2582200419
255 -0.5621765907 2.1064439007 -0.4756558875
256 -1.4419457427 2.1064439007 -0.1852818668
257 0.6534660720 2.1064439007 0.5188399074
258 0.0147599152 2.1064439007 0.0147583075
259 -1.5947139806 2.1064439007 0.0381381805
260 1.0105449431 2.1064439007 0.5370027413
261 1.5332398696 2.1064439007 0.0575695217
262 3.9395636762 2.1064439007 -2.7504488237
263 0.5226052343 2.1064439007 0.4528488006
264 -0.4525217349 2.1064439007 -0.4069742334
265 -1.5819191947 2.1064439007 0.0175951154
266 0.9827206101 2.1064439007 0.5451750964
267 1.4059446704 2.1064439007 0.2307239565
268 3.3746170427 2.1064439007 -3.2834094128
269 3.6864768726 2.1064439007 -3.1526282328
270 1.9869866468 2.1064439007 -0.8032968270
271 5.5638398338 2.1064439007 4.1853270357
272 -1.5494770332 2.1064439007 -0.0330312535
273 0.9102926227 2.1064439007 0.5584779021
274 1.0798710044 2.1064439007 0.5090966853
275 1.8541085258 2.1064439007 -0.5182925536
276 5.1702762337 2.1064439007 2.2855412157
277 -3.0080923416 2.1064439007 2.9813265174
278 -0.7677909681 2.1064439007 -0.5523846796
279 -1.0675396188 2.1064439007 -0.5148540976
280 -0.3383684209 2.1064439007 -0.3191820926
281 -1.6762408135 2.1064439007 0.1764229999
282 1.1769689327 2.1064439007 0.4516331255
283 2.3090291671 2.1064439007 -1.5539347612
284 6.1422395671 2.1064439007 6.0813305514
285 3.1590020379 2.1064439007 -3.1585233243
286 4.6802185204 2.1064439007 -0.1505388131
287 -2.7992489173 2.1064439007 2.6368098215
288 0.2302340104 2.1064439007 0.2241588300
289 -1.2526925258 2.1064439007 -0.3917997018
290 0.1594048661 2.1064439007 0.1573839191
291 -1.3894465077 2.1064439007 -0.2505969886
292 0.5205025245 2.1064439007 0.4515720502
293 -0.4595287074 2.1064439007 -0.4118579472
294 -1.5743712925 2.1064439007 0.0056283114
295 0.9661059736 2.1064439007 0.5492383603
296 1.3304279373 2.1064439007 0.3167222615
297 3.0275581552 2.1064439007 -3.0078944962
298 5.1817436544 2.1064439007 2.3437588194
299 -2.9869175467 2.1064439007 2.9512586368
300 -0.6552778024 2.1064439007 -0.5195557935
301 -1.2889187277 2.1064439007 -0.3585251657
302 0.2565069603 2.1064439007 0.2481145844
303 -1.1960437299 2.1064439007 -0.4378026066
304 0.0066163641 2.1064439007 0.0066162193
305 -1.6032779168 2.1064439007 0.0520678592
306 1.0289241205 2.1064439007 0.5306582491
307 1.6178368392 2.1064439007 -0.0760758097
308 4.2953801063 2.1064439007 -1.7397469330
309 -1.3754552145 2.1064439007 -0.2669774679
310 0.4844086887 2.1064439007 0.4286776961
311 -0.5771746465 2.1064439007 -0.4836767810
312 -1.4193132373 2.1064439007 -0.2141806175
313 0.5966569087 2.1064439007 0.4935657229
314 -0.1954131439 2.1064439007 -0.1916939496
315 -1.7136814686 2.1064439007 0.2440272874
316 1.2464923094 2.1064439007 0.3971937275
317 2.6357080320 2.1064439007 -2.3055754417
318 6.1003658268 2.1064439007 5.9987033070
319 2.7316042156 2.1064439007 -2.5052236948
320 5.9611666284 2.1064439007 5.6547535764
321 1.3964928151 2.1064439007 0.2421829189
322 3.3315684025 2.1064439007 -3.2716295386
323 3.8997242459 2.1064439007 -2.8316752996
324 0.7518591828 2.1064439007 0.5491732204
325 0.4026468782 2.1064439007 0.3704460098
326 -0.8245721907 2.1064439007 -0.5597782713
327 -0.9427830579 2.1064439007 -0.5539211201
328 -0.6604560671 2.1064439007 -0.5215704297
329 -1.2795620362 2.1064439007 -0.3674067361
330 0.2314956926 2.1064439007 0.2253203880
331 -1.2500447220 2.1064439007 -0.3941140019
332 0.1522828590 2.1064439007 0.1505205436
333 -1.4018933090 2.1064439007 -0.2356597772
334 0.5523938529 2.1064439007 0.4702367815
335 -0.3514844980 2.1064439007 -0.3299956662
336 -1.6682219870 2.1064439007 0.1622706383
337 1.1614861221 2.1064439007 0.4622443066
338 2.2362667508 2.1064439007 -1.3807365006
339 6.0624893152 2.1064439007 5.9154456189
340 2.3548565263 2.1064439007 -1.6629056382
341 6.1762261141 2.1064439007 6.1409309382
342 3.5138808212 2.1064439007 -3.2731710910
343 2.9557437865 2.1064439007 -2.9048451405
344 5.4173445891 2.1064439007 3.5104394019
345 -2.2689050131 2.1064439007 1.4583840286
346 1.5643208368 2.1064439007 0.0101296732
347 4.0723991141 2.1064439007 -2.4319850849
348 -0.2251600173 2.1064439007 -0.2194766168
349 -1.7135867288 2.1064439007 0.2438531049
350 1.2463223022 2.1064439007 0.3973403880
351 2.6349104153 2.1064439007 -2.3038585767
352 6.1012823833 2.1064439007 6.0006187411
353 2.7408389818 2.1064439007 -2.5236747413
354 5.9447430674 2.1064439007 5.6075157128
355 1.2483161907 2.1064439007 0.3956161471
356 2.6442644013 2.1064439007 -2.3239390903
357 6.0902822356 2.1064439007 5.9773186267
358 2.6303708560 2.1064439007 -2.2940711100
359 6.1064227697 2.1064439007 6.0112733291
360 2.7927323777 2.1064439007 -2.6245063104
361 5.8427069242 2.1064439007 5.2850076797
362 0.3756044827 2.1064439007 0.3494196093
363 -0.9003224483 2.1064439007 -0.5594219738
364 -0.7649699594 2.1064439007 -0.5518517470
365 -1.0735260399 2.1064439007 -0.5121022018
366 -0.3224917408 2.1064439007 -0.3058668574
367 -1.6849398773 2.1064439007 0.1919076663
368 1.1935329368 2.1064439007 0.4396709070
369 2.3868995525 2.1064439007 -1.7388129378
370 6.1923977505 2.1064439007 6.1668952254
371 3.6851410169 2.1064439007 -3.1540346029
372 1.9946598179 2.1064439007 -0.8203738866
373 5.5840437301 2.1064439007 4.2739986854
374 -1.4340542686 2.1064439007 -0.1954849916
375 0.6337517747 2.1064439007 0.5106844608
376 -0.0593875869 2.1064439007 -0.0592828911
377 -1.6608743300 2.1064439007 0.1494060039
378 1.1471217039 2.1064439007 0.4715965878
379 2.1688040614 2.1064439007 -1.2210303239
380 5.9610374613 2.1064439007 5.6543873197
381 1.3953193845 2.1064439007 0.2435917542
382 3.3262152946 2.1064439007 -3.2696882432
383 3.9257690296 2.1064439007 -2.7793274354
384 0.6018048288 2.1064439007 0.4960768607
385 -0.1768148913 2.1064439007 -0.1740581580
386 -1.7116408854 2.1064439007 0.2402790524
387 1.2428237778 2.1064439007 0.4003437509
388 2.6184942431 2.1064439007 -2.2683373519
389 6.1192585470 2.1064439007 6.0372241913
390 2.9230579911 2.1064439007 -2.8535365105
391 5.5150506249 2.1064439007 3.9664681620
392 -1.8121188861 2.1064439007 0.4330729834
393 1.4056202450 2.1064439007 0.2311205408
394 3.3731415412 2.1064439007 -3.2831195298
395 3.6938946780 2.1064439007 -3.1446828175
396 1.9443450093 2.1064439007 -0.7095336507
397 5.4463867369 2.1064439007 3.6482257951
398 -2.1428295586 2.1064439007 1.1600051645
399 1.6294619004 2.1064439007 -0.0955384935
400 4.3427797899 2.1064439007 -1.5688337242
401 -1.5953103357 2.1064439007 0.0391035351
402 1.0118312073 2.1064439007 0.5365833028
403 1.5391477690 2.1064439007 0.0487036756
404 3.9649890736 2.1064439007 -2.6951378782
405 0.3772299698 2.1064439007 0.3507063770
406 -0.8958568380 2.1064439007 -0.5597762116
407 -0.7757742465 2.1064439007 -0.5538089955
408 -1.0504859845 2.1064439007 -0.5222485136
409 -0.3834301106 2.1064439007 -0.3555880527
410 -1.6455803567 2.1064439007 0.1229484545
411 1.1166890201 2.1064439007 0.4898471040
412 2.0261066055 2.1064439007 -0.8909621526
413 5.6638005740 2.1064439007 4.6116691589
414 -0.9408481456 2.1064439007 -0.5542563580
415 -0.6652853456 2.1064439007 -0.5234070439
416 -1.2707595123 2.1064439007 -0.3755798063
417 0.2079187904 2.1064439007 0.2034407696
418 -1.2983058010 2.1064439007 -0.3494142130
419 0.2815422736 2.1064439007 0.2704574136
420 -1.1391298886 2.1064439007 -0.4765948108
421 -0.1469636595 2.1064439007 -0.1453794301
422 -1.7049600334 2.1064439007 0.2280581476
423 1.2307140647 2.1064439007 0.4105226988
424 2.5616415203 2.1064439007 -2.1427860528
425 6.1684047209 2.1064439007 6.1278162316
426 3.4315988191 2.1064439007 -3.2883025015
427 3.3944859367 2.1064439007 -3.2865160208
428 3.5858681410 2.1064439007 -3.2377603116
429 2.5582091582 2.1064439007 -2.1350906474
430 6.1707200821 2.1064439007 6.1317362476
431 3.4559190607 2.1064439007 -3.2865957996
432 3.2667727030 2.1064439007 -3.2412108715
433 4.2075079439 2.1064439007 -2.0351855742
434 -0.9426282708 2.1064439007 -0.5539482373
435 -0.6608426169 2.1064439007 -0.5217189420
436 -1.2788601639 2.1064439007 -0.3680649125
437 0.2296173866 2.1064439007 0.2235907456
438 -1.2539839167 2.1064439007 -0.3906651392
439 0.1628774000 2.1064439007 0.1607216809
440 -1.3832907214 2.1064439007 -0.2578575688
441 0.5046531883 2.1064439007 0.4417442381
442 -0.5118049071 2.1064439007 -0.4462232355
443 -1.5119444132 2.1064439007 -0.0889294659
444 0.8233748777 2.1064439007 0.5596889076
445 0.7012557759 2.1064439007 0.5357822677
446 0.1995829344 2.1064439007 0.1956210836
447 -1.3147507466 2.1064439007 -0.3329698827
448 0.3252460470 2.1064439007 0.3081940905
449 -1.0330181831 2.1064439007 -0.5291418902
450 -0.4293043901 2.1064439007 -0.3903473818
451 -1.6055100632 2.1064439007 0.0557220602
452 1.0336817452 2.1064439007 0.5288925747
453 1.6397961456 2.1064439007 -0.1130558776
454 4.3845873550 2.1064439007 -1.4116726692
455 -1.7803541575 2.1064439007 0.3703624896
456 1.3582325903 2.1064439007 0.2865417464
457 3.1561140897 2.1064439007 -3.1557813273
458 4.6921585263 2.1064439007 -0.0949180227
459 -2.8281020500 2.1064439007 2.6902686468
460 0.1075652556 2.1064439007 0.1069435751
461 -1.4745373865 2.1064439007 -0.1417183142
462 0.7337401122 2.1064439007 0.5449304591
463 0.3291076749 2.1064439007 0.3114448342
464 -1.0232342661 2.1064439007 -0.5327032026
465 -0.4548618876 2.1064439007 -0.4086123108
466 -1.5794203061 2.1064439007 0.0136207192
467 0.9772362616 2.1064439007 0.5465835778
468 1.3809742443 2.1064439007 0.2605679877
469 3.2606247100 2.1064439007 -3.2375526776
470 4.2358356019 2.1064439007 -1.9430595551
471 -1.0854795701 2.1064439007 -0.5063638046
472 -0.2907068138 2.1064439007 -0.2785091982
473 -1.6990001952 2.1064439007 0.2172222020
474 1.2197844014 2.1064439007 0.4194206791
475 2.5102962261 2.1064439007 -2.0264693779
476 6.1952953368 2.1064439007 6.1713825015
477 3.7159859170 2.1064439007 -3.1196523467
478 1.8170426375 2.1064439007 -0.4429318139
479 5.0466953126 2.1064439007 1.6558913043
480 -3.1569225990 2.1064439007 3.1565516564
481 -1.6250254005 2.1064439007 0.0880804364
482 1.0746854749 2.1064439007 0.5115598216
483 1.8299574597 2.1064439007 -0.4689628116
484 5.0903947960 2.1064439007 1.8787008320
485 -3.1207554383 2.1064439007 3.1200779631
486 -1.4064176810 2.1064439007 -0.2301453231
487 0.5639326821 2.1064439007 0.4766131077
488 -0.3114720173 2.1064439007 -0.2964850698
489 -1.6903238720 2.1064439007 0.2015595205
490 1.2036618977 2.1064439007 0.4320451709
491 2.4345185997 2.1064439007 -1.8508813709
492 6.2047497771 2.1064439007 6.1856733392
493 3.8169595995 2.1064439007 -2.9790514486
494 1.2315837191 2.1064439007 0.4098029195
495 2.5657257745 2.1064439007 -2.1519269281
496 6.1655529058 2.1064439007 6.1229445173
497 3.4016874839 2.1064439007 -3.2872737486
498 3.5490768046 2.1064439007 -3.2584810938
499 2.7627834373 2.1064439007 -2.5669177376
500 5.9036079422 2.1064439007 5.4833969015
501 0.8864083061 2.1064439007 0.5603864134
502 0.9743071975 2.1064439007 0.5473086431
503 1.3676552666 2.1064439007 0.2759200651
504 3.1994912915 2.1064439007 -3.1941300385
505 4.5087137248 2.1064439007 -0.9119774175
506 -2.2746151258 2.1064439007 1.4719802419
507 1.5591922719 2.1064439007 0.0180925467
508 4.0506407113 2.1064439007 -2.4891067001
509 -0.1049800678 2.1064439007 -0.1044021159
510 -1.6884055187 2.1064439007 0.1981145530
511 1.2000637285 2.1064439007 0.4347811163
512 2.4176031323 2.1064439007 -1.8111936207
513 6.2019694613 2.1064439007 6.1815265643
514 3.7872134558 2.1064439007 -3.0249473229
515 1.4043832504 2.1064439007 0.2326305396
516 3.3675142478 2.1064439007 -3.2819392438
517 3.7221156050 2.1064439007 -3.1123435358
518 1.7816463852 2.1064439007 -0.3728829239
519 4.9235293605 2.1064439007 1.0318491143
520 -3.1647330069 2.1064439007 3.1638857255
521 -1.6730587177 2.1064439007 0.1707929405
522 1.1708493070 2.1064439007 0.4558930605
523 2.2802652693 2.1064439007 -1.4854353601
524 6.1144581934 2.1064439007 6.0276287187
525 2.8741946252 2.1064439007 -2.7720505215
526 5.6496567276 2.1064439007 4.5533048971
527 -1.0326430724 2.1064439007 -0.5292823903
528 -0.4302861357 2.1064439007 -0.3910640187
529 -1.6045570228 2.1064439007 0.0541606719
530 1.0316520957 2.1064439007 0.5296520461
531 1.6304251662 2.1064439007 -0.0971627580
532 4.3466899216 2.1064439007 -1.5543859423
533 -1.6129802768 2.1064439007 0.0680217012
534 1.0495037585 2.1064439007 0.5226543809
535 1.7129899857 2.1064439007 -0.2427563301
536 4.6712307348 2.1064439007 -0.1922053850
537 -2.7768355576 2.1064439007 2.5941487625
538 0.3220438708 2.1064439007 0.3054877572
539 -1.0410814334 2.1064439007 -0.5260452564
540 -0.4081661086 2.1064439007 -0.3746353797
541 -1.6250656685 2.1064439007 0.0881479608
542 1.0747689664 2.1064439007 0.5115206467
543 1.8303461495 2.1064439007 -0.4697500643
544 5.0916994897 2.1064439007 1.8853548722
545 -3.1194009510 2.1064439007 3.1186328743
546 -1.3983545650 2.1064439007 -0.2399414302
547 0.5433485508 2.1064439007 0.4650967235
548 -0.3825113274 2.1064439007 -0.3548673124
549 -1.6462925594 2.1064439007 0.1241708518
550 1.1181219599 2.1064439007 0.4890353515
551 2.0328165963 2.1064439007 -0.9061431774
552 5.6801764722 2.1064439007 4.6783805926
553 -0.8322620865 2.1064439007 -0.5602828067
554 -0.9252934990 2.1064439007 -0.5566567282
555 -0.7038833394 2.1064439007 -0.5365947019
556 -1.1978207209 2.1064439007 -0.4364715756
557 0.0114166628 2.1064439007 0.0114159188
558 -1.5982685713 2.1064439007 0.0439025022
559 1.0181976070 2.1064439007 0.5344528747
560 1.5684175690 2.1064439007 0.0037308821
561 4.0897329142 2.1064439007 -2.3851110651
562 -0.3201012032 2.1064439007 -0.3038412075
563 -1.6861535094 2.1064439007 0.1940788056
564 1.1958244009 2.1064439007 0.4379663888
565 2.3976726725 2.1064439007 -1.7642547768
566 6.1964188852 2.1064439007 6.1731089176
567 3.7279589848 2.1064439007 -3.1052288635
568 1.7478771022 2.1064439007 -0.3079003566
569 4.8015653529 2.1064439007 0.4276188864
570 -3.0416207793 2.1064439007 3.0264338839
571 -0.9509114118 2.1064439007 -0.5524238938
572 -0.6401034852 2.1064439007 -0.5133847284
573 -1.3158429280 2.1064439007 -0.3318559998
574 0.3281410429 2.1064439007 0.3106324510
575 -1.0256895109 2.1064439007 -0.5318296824
576 -0.4484580446 2.1064439007 -0.4041130463
577 -1.5862061294 2.1064439007 0.0244421560
578 0.9920913310 2.1064439007 0.5426146855
579 1.4487041929 2.1064439007 0.1764362819
580 3.5676751350 2.1064439007 -3.2486959716
581 2.6597120168 2.1064439007 -2.3568370869
582 6.0709141193 2.1064439007 5.9346520939
583 2.4378217883 2.1064439007 -1.8586136080
584 6.2050852475 2.1064439007 6.1861705358
585 3.8205516717 2.1064439007 -2.9732559290
586 1.2107165968 2.1064439007 0.4265946020
587 2.4676805580 2.1064439007 -1.9282118242
588 6.2050322881 2.1064439007 6.1860920905
589 3.8199845641 2.1064439007 -2.9741745391
590 1.2140109683 2.1064439007 0.4240101392
591 2.4831644366 2.1064439007 -1.9640711827
592 6.2028113352 2.1064439007 6.1827871142
593 3.7962159473 2.1064439007 -3.0114521113
594 1.3520935925 2.1064439007 0.2933548791
595 3.1277994877 2.1064439007 -3.1275019583
596 4.8071031694 2.1064439007 0.4546204498
597 -3.0499064513 2.1064439007 3.0370961238
598 -0.9970880525 2.1064439007 -0.5411698705
599 -0.5226242259 2.1064439007 -0.4528603029
600 -1.4977068240 2.1064439007 -0.1093692100
601 0.7895939779 2.1064439007 0.5559797108
602 0.5586093636 2.1064439007 0.4736968180
603 -0.3299912516 2.1064439007 -0.3121866325
604 -1.6809688890 2.1064439007 0.1848222242
605 1.1860019476 2.1064439007 0.4451878429
606 2.3514934244 2.1064439007 -1.6549218719
607 6.1741648826 2.1064439007 6.1375098362
608 3.4921614260 2.1064439007 -3.2797595428
609 3.0733318454 2.1064439007 -3.0661744721
610 5.0170790006 2.1064439007 1.5051110951
611 -3.1713645564 2.1064439007 3.1699591650
612 -1.7140678404 2.1064439007 0.2447378069
613 1.2471853219 2.1064439007 0.3965951994
614 2.6389593040 2.1064439007 -2.3125649678
615 6.0965883874 2.1064439007 5.9907592311
616 2.6936026302 2.1064439007 -2.4277967197
617 6.0231895433 2.1064439007 5.8207565703
618 1.9743433472 2.1064439007 -0.7752908867
619 5.5299237120 2.1064439007 4.0338678353
620 -1.7344752319 2.1064439007 0.2826310667
621 1.2830545767 2.1064439007 0.3641149067
622 2.8069470197 2.1064439007 -2.6512365600
623 5.8118911828 2.1064439007 5.1782872367
624 0.1288957705 2.1064439007 0.1278265072
625 -1.4410736435 2.1064439007 -0.1864160773
626 0.6512925016 2.1064439007 0.5179735318
627 0.0065233238 2.1064439007 0.0065231850
628 -1.6033739094 2.1064439007 0.0522248072
629 1.0291290015 2.1064439007 0.5305832597
630 1.6187819934 2.1064439007 -0.0776485258
631 4.2992482618 2.1064439007 -1.7260956219
632 -1.3937770656 2.1064439007 -0.2454388468
633 0.5316223477 2.1064439007 0.4582509065
634 -0.4222852100 2.1064439007 -0.3851894554
635 -1.6122085828 2.1064439007 0.0667461127
636 1.0478764877 2.1064439007 0.5233219967
637 1.7054508185 2.1064439007 -0.2289532564
638 4.6425104342 2.1064439007 -0.3241479264
639 -2.7012769762 2.1064439007 2.4436215031
640 0.6088332462 2.1064439007 0.4994355650
641 -0.1512760591 2.1064439007 -0.1495484232
642 -1.7061855914 2.1064439007 0.2302941466
643 1.2329468176 2.1064439007 0.4086712420
644 2.5721270434 2.1064439007 -2.1662176911
645 6.1608717967 2.1064439007 6.1148440697
646 3.3526947588 2.1064439007 -3.2782668665
647 3.7959031928 2.1064439007 -3.0119266934
648 1.3539103679 2.1064439007 0.2913474103
649 3.1361832123 2.1064439007 -3.1361373269
650 4.7734731714 2.1064439007 0.2914024507
651 -2.9957695104 2.1064439007 2.9639743083
652 -0.7020144719 2.1064439007 -0.5360181502
653 -1.2014558333 2.1064439007 -0.4337261294
654 0.0212360290 2.1064439007 0.0212312408
655 -1.5876749492 2.1064439007 0.0267964936
656 0.9952909104 2.1064439007 0.5416958990
657 1.4633306820 2.1064439007 0.1569552586
658 3.6330149720 2.1064439007 -3.2030933770
659 2.2923907332 2.1064439007 -1.5143132409
660 6.1267711795 2.1064439007 6.0519769647
661 2.9998243614 2.1064439007 -2.9697292091
662 5.2760818691 2.1064439007 2.8190706246
663 -2.7644491366 2.1064439007 2.5701646837
664 0.3714664824 2.1064439007 0.3461309975
665 -0.9116395818 2.1064439007 -0.5583340896
666 -0.7374234257 2.1064439007 -0.5458433701
667 -1.1308631753 2.1064439007 -0.4816108588
668 -0.1692044546 2.1064439007 -0.1667880538
669 -1.7103372175 2.1064439007 0.2378882083
670 1.2404726332 2.1064439007 0.4023463549
671 2.6074595909 2.1064439007 -2.2442673428
672 6.1303892604 2.1064439007 6.0589664090
673 3.0369222542 2.1064439007 -3.0203013404
674 5.1489569634 2.1064439007 2.1771429446
675 -3.0441055000 2.1064439007 3.0296517511
676 -0.9647208895 2.1064439007 -0.5495496820
677 -0.6052914308 2.1064439007 -0.4977531204
678 -1.3747497499 2.1064439007 -0.2677918624
679 0.4825822200 2.1064439007 0.4274711140
680 -0.5829939647 2.1064439007 -0.4866939367
681 -1.4103164709 2.1064439007 -0.2253571698
682 0.5738523663 2.1064439007 0.4819303258
683 -0.2766910972 2.1064439007 -0.2661670432
684 -1.7037625225 2.1064439007 0.2258758644
685 1.2285275245 2.1064439007 0.4123247420
686 2.5513717813 2.1064439007 -2.1197250242
687 6.1751111776 2.1064439007 6.1390835617
688 3.5021295282 2.1064439007 -3.2769690816
689 3.0195128173 2.1064439007 -2.9970401141
690 5.2095381710 2.1064439007 2.4845421820
691 -2.9303371501 2.1064439007 2.8651911307
692 -0.3668565884 2.1064439007 -0.3424457470
693 -1.6578741085 2.1064439007 0.1441816278
694 1.1412081499 2.1064439007 0.4753091249
695 2.1410479651 2.1064439007 -1.1558316540
696 5.9118345380 2.1064439007 5.5088722864
697 0.9577167302 2.1064439007 0.5510595997
698 1.2924492069 2.1064439007 0.3551220841
699 2.8508281764 2.1064439007 -2.7311646397
700 5.7090834003 2.1064439007 4.7938053086
701 -0.6345975798 2.1064439007 -0.5110479914
702 -1.3254275668 2.1064439007 -0.3219649863
703 0.3535030660 2.1064439007 0.3316444718
704 -0.9599153092 2.1064439007 -0.5505972098
705 -0.6174384632 2.1064439007 -0.5034371741
706 -1.3546559658 2.1064439007 -0.2905214084
707 0.4303108917 2.1064439007 0.3910820744
708 -0.7439111561 2.1064439007 -0.5473889263
709 -1.1175448238 2.1064439007 -0.4893628608
710 -0.2049757148 2.1064439007 -0.2006847384
711 -1.7141003235 2.1064439007 0.2447975534
712 1.2472435616 2.1064439007 0.3965448498
713 2.6392325278 2.1064439007 -2.3131516916
714 6.0962679229 2.1064439007 5.9900815910
715 2.6903830169 2.1064439007 -2.4211302741
716 6.0280317140 2.1064439007 5.8328714209
717 2.0206390420 2.1064439007 -0.8786221529
718 5.6502885509 2.1064439007 4.5559266051
719 -1.0285820049 2.1064439007 -0.5307832583
720 -0.4409053139 2.1064439007 -0.3987396356
721 -1.5939964079 2.1064439007 0.0369775286
722 1.0089959630 2.1064439007 0.5375029494
723 1.5261279092 2.1064439007 0.0681470516
724 3.9088507592 2.1064439007 -2.8136560461
725 0.6992070526 2.1064439007 0.5351400598
726 0.1915170206 2.1064439007 0.1880154388
727 -1.3303542269 2.1064439007 -0.3167999548
728 0.3665078781 2.1064439007 0.3421660607
729 -0.9251043839 2.1064439007 -0.5566826972
730 -0.7043501100 2.1064439007 -0.5367377045
731 -1.1969112023 2.1064439007 -0.4371537451
732 0.0089597342 2.1064439007 0.0089593745
733 -1.6008463994 2.1064439007 0.0480983110
734 1.0237260390 2.1064439007 0.5325293229
735 1.5938723155 2.1064439007 -0.0367769154
736 4.1964725835 2.1064439007 -2.0702549496
737 -0.8861875034 2.1064439007 -0.5603984168
738 -0.7990386530 2.1064439007 -0.5572463728
739 -0.9998639563 2.1064439007 -0.5403432574
740 -0.5154693296 2.1064439007 -0.4484900002
741 -1.5071719158 2.1064439007 -0.0958282417
742 0.8120989099 2.1064439007 0.5587051296
743 0.6533369581 2.1064439007 0.5187886720
744 0.0142702250 2.1064439007 0.0142687720
745 -1.5952380000 2.1064439007 0.0389864039
746 1.0116752389 2.1064439007 0.5366343593
747 1.5384312916 2.1064439007 0.0497826906
748 3.9619099170 2.1064439007 -2.7019798032
749 0.3947905499 2.1064439007 0.3644221325
750 -0.8468975276 2.1064439007 -0.5609093727
751 -0.8916401106 2.1064439007 -0.5600718740
752 -0.7859417520 2.1064439007 -0.5554425639
753 -1.0285293790 2.1064439007 -0.5308024645
754 -0.4410428085 2.1064439007 -0.3988380982
755 -1.5938566567 2.1064439007 0.0367516028
756 1.0086941302 2.1064439007 0.5375997965
757 1.5247424132 2.1064439007 0.0701955355
758 3.9028542579 2.1064439007 -2.8255349092
759 0.7337937624 2.1064439007 0.5449439400
760 0.3293240834 2.1064439007 0.3116265870
761 -1.0226840256 2.1064439007 -0.5328971129
762 -0.4562961286 2.1064439007 -0.4096127793
763 -1.5778779024 2.1064439007 0.0111737683
764 0.9738430638 2.1064439007 0.5474218011
765 1.3655458784 2.1064439007 0.2783151252
766 3.1897896612 2.1064439007 -3.1860855150
767 4.5504971752 2.1064439007 -0.7334744450
768 -2.4204966812 2.1064439007 1.8179929658
769 1.3615775832 2.1064439007 0.2827938683
770 3.1715243956 2.1064439007 -3.1701038027
771 4.6279899703 2.1064439007 -0.3901342201
772 -2.6608308041 2.1064439007 2.3592066318
773 0.7477916947 2.1064439007 0.5482751500
774 0.3860600106 2.1064439007 0.3576459226
775 -0.8714019295 2.1064439007 -0.5609688077
776 -0.8342585442 2.1064439007 -0.5603941032
777 -0.9207308805 2.1064439007 -0.5572617818
778 -0.7151275010 2.1064439007 -0.5399281594
779 -1.1757336136 2.1064439007 -0.4524999777
780 -0.0482447561 2.1064439007 -0.0481886208
781 -1.6526255241 2.1064439007 0.1350821501
782 1.1307964308 2.1064439007 0.4816507204
783 2.0922089460 2.1064439007 -1.0421408662
784 5.8150026938 2.1064439007 5.1892495843
785 0.1534403983 2.1064439007 0.1516376425
786 -1.3998866717 2.1064439007 -0.2380910749
787 0.5472668864 2.1064439007 0.4673385028
788 -0.3691076188 2.1064439007 -0.3442481000
789 -1.6562733322 2.1064439007 0.1414009510
790 1.1380416077 2.1064439007 0.4772641085
791 2.1261901735 2.1064439007 -1.1210932807
792 5.8837475281 2.1064439007 5.4205776727
793 0.7164979361 2.1064439007 0.5403184889
794 0.2599793684 2.1064439007 0.2512428350
795 -1.1883200013 2.1064439007 -0.4435036093
796 -0.0142486287 2.1064439007 -0.0142471823
797 -1.6237583410 2.1064439007 0.0859573144
798 1.0720559764 2.1064439007 0.5127855059
799 1.8177187743 2.1064439007 -0.4442884833
800 5.0489998495 2.1064439007 1.6676344839
801 -3.1554593946 2.1064439007 3.1551560233
802 -1.6160589857 2.1064439007 0.0731221530
803 1.0559792162 2.1064439007 0.5199384778
804 1.7430152565 2.1064439007 -0.2986985621
805 4.7836606067 2.1064439007 0.3406507026
806 -3.0131305124 2.1064439007 2.9883025584
807 -0.7949215505 2.1064439007 -0.5567159677
808 -1.0089209390 2.1064439007 -0.5375270409
809 -0.4920583599 2.1064439007 -0.4336816744
810 -1.5367772253 2.1064439007 -0.0522696971
811 0.8812423543 2.1064439007 0.5606403246
812 0.9516181279 2.1064439007 0.5522869189
813 1.2649072336 2.1064439007 0.3809155750
814 2.7220354829 2.1064439007 -2.4859517641
815 5.9776279095 2.1064439007 5.7007407278
816 1.5470718953 2.1064439007 0.0366999583
817 3.9989639601 2.1064439007 -2.6170313772
818 0.1844089430 2.1064439007 0.1812822528
819 -1.3438522557 2.1064439007 -0.3023681126
820 0.4020203148 2.1064439007 0.3699681867
821 -0.8263622061 2.1064439007 -0.5599064485
822 -0.9387239989 2.1064439007 -0.5546150259
823 -0.6705799366 2.1064439007 -0.5253734970
824 -1.2610247427 2.1064439007 -0.3844121701
825 0.1817975776 2.1064439007 0.1788016051
826 -1.3487516247 2.1064439007 -0.2970282669
827 0.4148650789 2.1064439007 0.3796723692
828 -0.7893384671 2.1064439007 -0.5559429885
829 -1.0211359188 2.1064439007 -0.5334390434
830 -0.4603295701 2.1064439007 -0.4124120868
831 -1.5734960731 2.1064439007 0.0042480350
832 0.9641699586 2.1064439007 0.5496723434
833 1.3216541606 2.1064439007 0.3258838382
834 2.9868360352 2.1064439007 -2.9511405811
835 5.3188226301 2.1064439007 3.0314133398
836 -2.6351279086 2.1064439007 2.3043268139
837 0.8307770368 2.1064439007 0.5601947475
838 0.7328725477 2.1064439007 0.5447117100
839 0.3256093042 2.1064439007 0.3085004871
840 -1.0321006252 2.1064439007 -0.5294850081
841 -0.4317055761 2.1064439007 -0.3920980673
842 -1.6031720979 2.1064439007 0.0518948658
843 1.0286982376 2.1064439007 0.5307408163
844 1.6167948508 2.1064439007 -0.0743439534
845 4.2911127174 2.1064439007 -1.7547452515
846 -1.3551665805 2.1064439007 -0.2899550100
847 0.4316448924 2.1064439007 0.3920539104
848 -0.7399416901 2.1064439007 -0.5464527653
849 -1.1257073516 2.1064439007 -0.4846600040
850 -0.1830617630 2.1064439007 -0.1800029723
851 -1.7125073207 2.1064439007 0.2418696758
852 1.2443831787 2.1064439007 0.3990085263
853 2.6258119695 2.1064439007 -2.2842146890
854 6.1114547077 2.1064439007 6.0215582908
855 2.8436969038 2.1064439007 -2.7184497488
856 5.7265752565 2.1064439007 4.8621540679
857 -0.5113111891 2.1064439007 -0.4459163619
858 -1.5125835212 2.1064439007 -0.0880020083
859 0.8248812011 2.1064439007 0.5598008629
860 0.7076795335 2.1064439007 0.5377461394
861 0.2249539508 2.1064439007 0.2192860965
862 -1.2636936196 2.1064439007 -0.3820122695
863 0.1889635613 2.1064439007 0.1855999057
864 -1.3352304305 2.1064439007 -0.3116338237
865 0.3793572748 2.1064439007 0.3523860514
866 -0.8899955821 2.1064439007 -0.5601769783
867 -0.7898978767 2.1064439007 -0.5560232195
868 -1.0199155080 2.1064439007 -0.5338624783
869 -0.4635073384 2.1064439007 -0.4146026388
870 -1.5699980061 2.1064439007 -0.0012533617
871 0.9564126822 2.1064439007 0.5513288632
872 1.2865551863 2.1064439007 0.3607875414
873 2.8233045283 2.1064439007 -2.6814970721
874 5.7749185432 2.1064439007 5.0449071786
875 -0.1563751814 2.1064439007 -0.1544671377
876 -1.7075210464 2.1064439007 0.2327336449
877 1.2353740141 2.1064439007 0.4066455651
878 2.5835241784 2.1064439007 -2.1915506739
879 6.1518982887 2.1064439007 6.0989564731
880 3.2591462032 2.1064439007 -3.2366533181
881 4.2426245381 2.1064439007 -1.9205353958
882 -1.1192643063 2.1064439007 -0.4883848538
883 -0.2003620527 2.1064439007 -0.1963537267
884 -1.7139515447 2.1064439007 0.2445239173
885 1.2469767828 2.1064439007 0.3967754224
886 2.6379809602 2.1064439007 -2.3104632356
887 6.0977320436 2.1064439007 5.9931728504
888 2.7050981067 2.1064439007 -2.4514659768
889 6.0053739911 2.1064439007 5.7751158880
890 1.8054618732 2.1064439007 -0.4198018631
891 5.0069400764 2.1064439007 1.4535663187
892 -3.1744589378 2.1064439007 3.1727445786
893 -1.7332737737 2.1064439007 0.2803804639
894 1.2809831984 2.1064439007 0.3660706057
895 2.7972644264 2.1064439007 -2.6330718063
896 5.8330149849 2.1064439007 5.2518892300
897 0.2971458503 2.1064439007 0.2841237472
898 -1.1022243361 2.1064439007 -0.4977784602
899 -0.2460143529 2.1064439007 -0.2386070546
900 -1.7110763382 2.1064439007 0.2392433454
901 1.2418063357 2.1064439007 0.4012119208
902 2.6137192957 2.1064439007 -2.2579403666
903 6.1241691002 2.1064439007 6.0469037764
904 2.9731950352 2.1064439007 -2.9311379907
905 5.3627096315 2.1064439007 3.2468077127
906 -2.4837332719 2.1064439007 1.9653852657
907 1.2352346072 2.1064439007 0.4067622766
908 2.5828696250 2.1064439007 -2.1900996913
909 6.1524358001 2.1064439007 6.0999213982
910 3.2647360122 2.1064439007 -3.2400135808
911 4.2169096382 2.1064439007 -2.0049440368
912 -0.9903689116 2.1064439007 -0.5430998938
913 -0.5399019448 2.1064439007 -0.4631058014
914 -1.4740585240 2.1064439007 -0.1423748780
915 0.7325746974 2.1064439007 0.5446362827
916 0.3244087377 2.1064439007 0.3074873690
917 -1.0351309418 2.1064439007 -0.5283446376
918 -0.4237721067 2.1064439007 -0.3862870619
919 -1.6108065489 2.1064439007 0.0644315341
920 1.0449157649 2.1064439007 0.5245213628
921 1.6917402259 2.1064439007 -0.2041072148
922 4.5897912023 2.1064439007 -0.5612896830
923 -2.5474204437 2.1064439007 2.1108236548
924 1.0826736503 2.1064439007 0.5077399846
925 1.8671699427 2.1064439007 -0.5453141780
926 5.2124580306 2.1064439007 2.4993013533
927 -2.9239600728 2.1064439007 2.8549878168
928 -0.3354843725 2.1064439007 -0.3167814382
929 -1.6779033068 2.1064439007 0.1793717404
930 1.1801533030 2.1064439007 0.4493824037
931 2.3239981999 2.1064439007 -1.5895637263
932 6.1547368376 2.1064439007 6.1040330783
933 3.2886853165 2.1064439007 -3.2531720058
934 4.1052811655 2.1064439007 -2.3420402997
935 -0.4046166747 2.1064439007 -0.3719452405
936 -1.6281673616 2.1064439007 0.0933584128
937 1.0811859763 2.1064439007 0.5084623594
938 1.8602360864 2.1064439007 -0.5309399026
939 5.1901554615 2.1064439007 2.3864174203
940 -2.9705804163 2.1064439007 2.9272485875
941 -0.5701571778 2.1064439007 -0.4799675184
942 -1.4300028205 2.1064439007 -0.2006705987
943 0.6235909268 2.1064439007 0.5062228574
944 -0.0971068193 2.1064439007 -0.0966493332
945 -1.6843638229 2.1064439007 0.1908780530
946 1.1924436125 2.1064439007 0.4404769737
947 2.3817781699 2.1064439007 -1.7267029634
948 6.1902356812 2.1064439007 6.1635142461
949 3.6621569618 2.1064439007 -3.1770626993
950 2.1263658216 2.1064439007 -1.1215032324
951 5.8840866293 2.1064439007 5.4216657415
952 0.7193722428 2.1064439007 0.5411258392
953 0.2714443437 2.1064439007 0.2615053112
954 -1.1624282898 2.1064439007 -0.4616143283
955 -0.0841632202 2.1064439007 -0.0838653132
956 -1.6770735182 2.1064439007 0.1778993307
957 1.1785650152 2.1064439007 0.4505079235
958 2.3165318864 2.1064439007 -1.5717954432
959 6.1486719255 2.1064439007 6.0931291765
960 3.2256308799 2.1064439007 -3.2142471964
961 4.3940296653 2.1064439007 -1.3753696964
962 -1.8209277691 2.1064439007 0.4507366419
963 1.4180567344 2.1064439007 0.2157522243
964 3.4295927872 2.1064439007 -3.2883409790
965 3.4049411543 2.1064439007 -3.2875514753
966 3.5323988322 2.1064439007 -3.2660639419
967 2.8545754337 2.1064439007 -2.7378020151
968 5.6997707932 2.1064439007 4.7569519968
969 -0.6991071054 2.1064439007 -0.5351085338
970 -1.2070903679 2.1064439007 -0.4294105706
971 0.0364546540 2.1064439007 0.0364304336
972 -1.5703365439 2.1064439007 -0.0007220139
973 0.9571647740 2.1064439007 0.5511740229
974 1.2899541661 2.1064439007 0.3575300350
975 2.8391797167 2.1064439007 -2.7103395500
976 5.7374984118 2.1064439007 4.9042471980
977 -0.4329286108 2.1064439007 -0.3929870506
978 -1.6019721836 2.1064439007 0.0499347656
979 1.0261347385 2.1064439007 0.5316698332
980 1.6049733963 2.1064439007 -0.0548426092
981 4.2424859284 2.1064439007 -1.9209969813
982 -1.1185763132 2.1064439007 -0.4887769821
983 -0.2022082287 2.1064439007 -0.1980883334
984 -1.7140229983 2.1064439007 0.2446553311
985 1.2471049175 2.1064439007 0.3966646981
986 2.6385820951 2.1064439007 -2.3117547795
987 6.0970300459 2.1064439007 5.9916921970
988 2.6980409495 2.1064439007 -2.4369600228
989 6.0164085900 2.1064439007 5.8035819815
990 1.9097934526 2.1064439007 -0.6350855036
991 5.3449634554 2.1064439007 3.1600655954
992 -2.5472232781 2.1064439007 2.1103790828
993 1.0831853296 2.1064439007 0.5074903636
994 1.8695551863 2.1064439007 -0.5502741658
995 5.2200825618 2.1064439007 2.5378111867
996 -2.9069185928 2.1064439007 2.8272404842
997 -0.2527944481 2.1064439007 -0.2447599534
998 -1.7098295068 2.1064439007 0.2369579002
999 1.2395554213 2.1064439007 0.4031241580
