0 0.7557628633 2.1064439007 0.5500053277
1 0.3767251639 2.1064439007 0.3503070697
2 -1.0555020180 2.1064439007 -0.5201418554
3 -0.2850724056 2.1064439007 -0.2735672518
4 -1.8769153749 2.1064439007 0.5656279449
5 1.9078282079 2.1064439007 -0.6308947865
6 5.7652673785 2.1064439007 5.0091631572
7 -0.9734991801 2.1064439007 -0.5475053356
8 -0.5345078311 2.1064439007 -0.4599543864
9 -1.5992073295 2.1064439007 0.0454289716
10 1.3456067876 2.1064439007 0.3004620464
11 3.3155049413 2.1064439007 -3.2654916630
12 4.0597959837 2.1064439007 -2.4653054743
13 -0.6793406246 2.1064439007 -0.5285182834
14 -1.3149599787 2.1064439007 -0.3327567026
15 0.5296219310 2.1064439007 0.4570627389
16 -0.5481052343 2.1064439007 -0.4678151407
17 -1.5760253060 2.1064439007 0.0082409659
18 1.2860059088 2.1064439007 0.3613114842
19 3.0113883904 2.1064439007 -2.9858981728
20 5.5137569442 2.1064439007 3.9605784191
21 -2.7296448076 2.1064439007 2.5012899672
22 0.9071497013 2.1064439007 0.5587983874
23 1.0856422532 2.1064439007 0.5062834663
24 1.9798145665 2.1064439007 -0.7873895631
25 5.9875379437 2.1064439007 5.7277609908
26 1.0984783077 2.1064439007 0.4997546164
27 2.0455804893 2.1064439007 -0.9351299484
28 6.1659879546 2.1064439007 6.1236908025
29 3.0634224591 2.1064439007 -3.0540675813
30 5.3008915855 2.1064439007 2.9426105462
31 -3.6844077900 2.1064439007 3.1548033569
32 -5.5793283968 2.1064439007 -4.2534111284
