0.7557628633 0.5500053277
0.6908448043 0.5324396109
0.5883868218 0.4894419916
0.4317528908 0.3921324930
0.2062090404 0.2018403262
-0.0841346952 -0.0838370909
-0.3908463594 -0.3613714444
-0.6313089547 -0.5096277222
-0.7660522814 -0.5520580390
-0.8248135416 -0.5597959329
-0.8474228729 -0.5609236881
-0.8557024641 -0.5610740845
-0.8586802630 -0.5610935002
-0.8597443476 -0.5610959776
-0.8601237118 -0.5610962924
-0.8602588506 -0.5610963324
-0.8603069763 -0.5610963375
-0.8603241131 -0.5610963381
-0.8603302150 -0.5610963382
-0.8603323876 -0.5610963382
-0.8603331613 -0.5610963382
-0.8603334367 -0.5610963382
