0 0.7557628633 2.1064439007 0.5500053277
1 0.6280208762 2.1064439007 0.5081894158
2 0.3594978058 2.1064439007 0.3365164109
3 -0.1343586715 2.1064439007 -0.1331477565
4 -0.7278822399 2.1064439007 -0.5434259622
5 -0.8879048792 2.1064439007 -0.5603023435
6 -0.8526745095 2.1064439007 -0.5610355101
7 -0.8623558444 2.1064439007 -0.5610920890
8 -0.8597918163 2.1064439007 -0.5610960334
9 -0.8604781809 2.1064439007 -0.5610963165
10 -0.8602949599 2.1064439007 -0.5610963366
11 -0.8603439063 2.1064439007 -0.5610963381
12 -0.8603308332 2.1064439007 -0.5610963382
13 -0.8603343251 2.1064439007 -0.5610963382
14 -0.8603333924 2.1064439007 -0.5610963382
15 -0.8603336415 2.1064439007 -0.5610963382
