3.7788143166 -3.0372290740
3.6343634110 -3.2019667804
3.5505355624 -3.2577643532
3.5011063671 -3.2772737021
3.4715375677 -3.2842834988
3.4536689239 -3.2868502684
3.4427989169 -3.2878017651
3.4361585144 -3.2881572354
3.4320912630 -3.2882906819
3.4295959980 -3.2883409298
3.4280636024 -3.2883598854
3.4271219390 -3.2883670445
3.4265430606 -3.2883697502
3.4261871166 -3.2883707732
3.4259682199 -3.2883711602
3.4258335918 -3.2883713065
3.4257507869 -3.2883713619
3.4256998548 -3.2883713828
3.4256685266 -3.2883713908
3.4256492565 -3.2883713938
3.4256374032 -3.2883713949
3.4256301121 -3.2883713953
3.4256256272 -3.2883713955
3.4256228685 -3.2883713956
3.4256211715 -3.2883713956
3.4256201277 -3.2883713956
3.4256194856 -3.2883713956
3.4256190907 -3.2883713956
3.4256188477 -3.2883713956
3.4256186983 -3.2883713956
