0.7557628633 0.5500053277
0.4186077826 0.3824634061
-0.7784213481 -0.5542538141
-1.0447949850 -0.5245698702
-0.3984088754 -0.3672052695
-1.6334652982 0.1023005968
1.0920822413 0.5030547918
1.9110584833 -0.6377856312
5.3487729766 3.1787285079
-2.5338541113 2.0801458336
1.1173095999 0.4894961255
2.0290124531 -0.8975315422
5.6709203759 4.6407886793
-0.8939408906 -0.5599152213
-0.7803982357 -0.5545770599
-1.0405331756 -0.5262604464
-0.4096054844 -0.3757221032
-1.6237928733 0.0860151372
1.0721277015 0.5127522809
1.8180525381 -0.4449584329
5.0501367694 1.6734282970
-3.1547194090 3.1544476153
-1.6115282834 0.0656225510
1.0464405610 0.5239061484
1.6988002410 -0.2168597383
4.6170161319 -0.4396707326
-2.6292808368 2.2917169358
0.8490761038 0.5609650269
0.8115619263 0.5586518879
0.6510624367 0.5178813502
0.0056523946 0.0056523043
-1.6042704475 0.0536915143
1.0310413007 0.5298787871
1.6276059471 -0.0924139486
4.3352384332 -1.5965503147
-1.5610251055 -0.0152528791
0.9363739208 0.5550004441
1.1963187583 0.4375970752
2.3999968384 -1.7697374607
6.1971925819 6.1742933571
3.7362080325 -3.0949403093
1.7001648972 -0.2193348990
4.6222594665 -0.4160381955
-2.6444603448 2.3243584582
0.8011252458 0.5575023107
0.6069925716 0.4985637686
-0.1579807362 -0.1560133983
-1.7079160632 0.2334558267
1.2360908041 0.4060447640
2.5868896146 -2.1990033260
6.1490920186 6.0938913641
3.2299911926 -3.2173793457
4.3746055751 -1.4497292808
-1.7369654461 0.2873035672
1.2873315456 0.3600458170
2.8269312271 -2.6881323529
5.7665030323 5.0137605198
-0.2196462799 -0.2143691859
-1.7139147776 0.2444563005
1.2469108431 0.3968323878
2.6376716062 -2.3097983962
6.0980924188 5.9939318772
2.7087222012 -2.4588842893
5.9995869599 5.7599322284
1.7511002828 -0.3140223802
4.8133882402 0.4853225491
-3.0590068799 3.0485809671
-1.0482213582 -0.5231810066
-0.3893943173 -0.3602439331
-1.6408700533 0.1148878027
1.1071737260 0.4951183774
1.9815767056 -0.7912929361
5.5494223769 4.1213326275
-1.6294639148 0.0955418881
1.0838601397 0.5071602492
1.8727011690 -0.5568279070
5.2301014185 2.5883439779
-2.8836688381 2.7882818067
-0.1426930719 -0.1412428260
-1.7036594276 0.2256881071
1.2283390577 0.4124795536
2.5504865352 -2.1177321452
6.1756581674 6.1399908082
3.5078938213 -3.2751749523
2.9882754674 -2.9532227710
5.3141315586 3.0082226744
-2.6501946347 2.3366078441
0.7826346451 0.5549334979
0.5295694099 0.4570314643
-0.4291959638 -0.3902681625
-1.6056150767 0.0558942143
1.0339052353 0.5288083816
1.6408282721 -0.1148164896
4.3887455716 -1.3957216720
-1.7982787721 0.4055578005
1.3854571360 0.2553119383
3.2811509852 -3.2492500978
4.1406503704 -2.2404850873
-0.5944120350 -0.4924572435
-1.3923187870 -0.2471804478
0.5278806593 0.4560237119
-0.4348689563 -0.3943936403
-1.6000559627 0.0468103749
1.0220327790 0.5331257424
1.5860723439 -0.0242279259
4.1639443072 -2.1709166813
-0.7173901706 -0.5405707456
-1.1712445913 -0.4556204991
-0.0603661167 -0.0602561610
-1.6615701457 0.1506200199
1.1484892068 0.4707266448
2.1752241821 -1.2361611805
5.9718060786 5.6846333819
1.4935828921 0.1152101066
3.7668965532 -3.0541442435
1.5223248990 0.0737603704
3.8923808862 -2.8459195464
0.7942733417 0.5566293917
0.5782035901 0.4842141538
-0.2613239940 -0.2524517199
-1.7079623460 0.2335404601
1.2361747532 0.4059743221
2.5872837586 -2.1998752997
6.1487586941 6.0932866876
3.2265313974 -3.2148993424
4.3900248905 -1.3908027204
-1.8037755375 0.4164507625
1.3935556395 0.2457035961
3.3181656714 -3.2665729917
3.9647299243 -2.6957152323
0.3787074032 0.3518734502
-0.8917881873 -0.5600621294
-0.7855852797 -0.5553887270
-1.0293036137 -0.5305192749
-0.4390196799 -0.3973869104
-1.5959052316 0.0400672221
1.0131133723 0.5361615256
1.5450387842 0.0397920019
3.9902610429 -2.6374946089
0.2336279189 0.2272809271
-1.2455532698 -0.3980029827
0.1401957049 0.1388201983
-1.4224673239 -0.2102203164
0.6046226565 0.4974331311
-0.1665961609 -0.1642896247
-1.7098276098 0.2369544250
1.2395519925 0.4031270620
2.6031382477 -2.2348001785
6.1345394057 6.0668909279
3.0795767950 -3.0736567178
4.9937667122 1.3866664565
-3.1770802390 3.1750798912
-1.7495783451 0.3111295069
1.3086536594 0.3391383973
2.9263742696 -2.8588621691
5.5054148328 3.9224965800
-1.8612834527 0.5331069017
1.4709705244 0.1465970516
3.6669900293 -3.1724036616
2.0987225679 -1.0572168060
5.8286610587 5.2368771093
0.2621573587 0.2532002583
-1.1834474006 -0.4470295983
-0.0274108886 -0.0274005916
-1.6355965513 0.1059128648
1.0964424675 0.5008151660
1.9314180320 -0.6815124741
5.4090835073 3.4709331982
-2.3032624426 1.5402037835
1.5305410354 0.0615957363
3.9279222754 -2.7748721834
0.5894286473 0.4899675272
-0.2213724844 -0.2159703346
-1.7138272185 0.2442952841
1.2467537925 0.3969680241
2.6369348017 -2.3082143960
6.0989483227 5.9957316641
2.7173329644 -2.4764243562
5.9855099023 5.7222723970
1.6198938198 -0.0795007762
4.3037953003 -1.7099803720
-1.4152302815 -0.2192748370
0.5863226965 0.4883956453
-0.2324712215 -0.2262177548
-1.7129348543 0.2426550333
1.2451517054 0.3983484298
2.6294180877 -2.2920134500
6.1074851993 6.0134568192
2.8034792534 -2.6447522689
5.8195218081 5.2050971882
0.1892357817 0.1858575971
-1.3347120408 -0.3121855855
0.3779923282 0.3513088859
-0.8937585689 -0.5599280441
-0.7808378913 -0.5546479074
-1.0395840029 -0.5266313945
-0.4120966973 -0.3775972164
-1.6215695713 0.0822969784
1.0675028417 0.5148707525
1.7965398152 -0.4021213905
4.9759500808 1.2963361387
-3.1781246730 3.1760041646
-1.7560836545 0.3235214490
1.3194258465 0.3281829044
2.9764828015 -2.9360035460
5.3522262896 3.1956266679
-2.5216121758 2.0523144284
1.1475698862 0.4713119474
2.1709081156 -1.2259872155
5.9645921340 5.6644360789
1.4276584643 0.2036548863
3.4730162797 -3.2840149730
3.1759664542 -3.1740903444
4.6092862432 -0.4743885123
-2.6065550659 2.2422876007
0.9181575469 0.5575832932
1.1148618136 0.4908753941
2.0175518931 -0.8716667697
5.6425927977 4.5239023549
-1.0777943633 -0.5100904270
-0.3111543932 -0.2962130013
-1.6904710707 0.2018241305
1.2039374940 0.4318343883
2.4358141778 -1.8539148376
6.2048894447 6.1858804214
3.8184550241 -2.9766453316
1.2228963385 0.4169151504
2.5249180749 -2.0598436678
6.1893272720 6.1620853637
3.6525080335 -3.1860728025
2.1814651108 -1.2508859061
5.9820518489 5.7128649934
1.5878876284 -0.0271377451
4.1715289822 -2.1478094327
-0.7570632377 -0.5502760178
-1.0901927914 -0.5040118527
-0.2781457673 -0.2674555722
-1.7033094805 0.2250509201
1.2276990568 0.4130046582
2.5474803289 -2.1109586770
6.1774788471 6.1429978436
3.5270931668 -3.2682410136
2.8836442945 -2.7882400213
5.6247100798 4.4487304376
-1.1900196990 -0.4422608062
-0.0096570749 -0.0096566246
-1.6194318571 0.0787308800
1.0630427225 0.5168678353
1.7758100771 -0.3615205205
4.9027553192 0.9276926377
-3.1527276791 3.1525322296
-1.5993465030 0.0456554215
1.0205115413 0.5336560945
1.5790675171 -0.0130606190
4.1345957219 -2.2582200419
-0.5621765907 -0.4756558875
-1.4419457427 -0.1852818668
0.6534660720 0.5188399074
0.0147599152 0.0147583075
-1.5947139806 0.0381381805
1.0105449431 0.5370027413
1.5332398696 0.0575695217
3.9395636762 -2.7504488237
0.5226052343 0.4528488006
-0.4525217349 -0.4069742334
-1.5819191947 0.0175951154
0.9827206101 0.5451750964
1.4059446704 0.2307239565
3.3746170427 -3.2834094128
3.6864768726 -3.1526282328
1.9869866468 -0.8032968270
5.5638398338 4.1853270357
-1.5494770332 -0.0330312535
0.9102926227 0.5584779021
1.0798710044 0.5090966853
1.8541085258 -0.5182925536
5.1702762337 2.2855412157
-3.0080923416 2.9813265174
-0.7677909681 -0.5523846796
-1.0675396188 -0.5148540976
-0.3383684209 -0.3191820926
-1.6762408135 0.1764229999
1.1769689327 0.4516331255
2.3090291671 -1.5539347612
6.1422395671 6.0813305514
3.1590020379 -3.1585233243
4.6802185204 -0.1505388131
-2.7992489173 2.6368098215
0.2302340104 0.2241588300
-1.2526925258 -0.3917997018
0.1594048661 0.1573839191
-1.3894465077 -0.2505969886
0.5205025245 0.4515720502
-0.4595287074 -0.4118579472
-1.5743712925 0.0056283114
0.9661059736 0.5492383603
1.3304279373 0.3167222615
3.0275581552 -3.0078944962
5.1817436544 2.3437588194
-2.9869175467 2.9512586368
-0.6552778024 -0.5195557935
-1.2889187277 -0.3585251657
0.2565069603 0.2481145844
-1.1960437299 -0.4378026066
0.0066163641 0.0066162193
-1.6032779168 0.0520678592
1.0289241205 0.5306582491
1.6178368392 -0.0760758097
4.2953801063 -1.7397469330
-1.3754552145 -0.2669774679
0.4844086887 0.4286776961
-0.5771746465 -0.4836767810
-1.4193132373 -0.2141806175
0.5966569087 0.4935657229
-0.1954131439 -0.1916939496
-1.7136814686 0.2440272874
1.2464923094 0.3971937275
2.6357080320 -2.3055754417
6.1003658268 5.9987033070
2.7316042156 -2.5052236948
5.9611666284 5.6547535764
1.3964928151 0.2421829189
3.3315684025 -3.2716295386
3.8997242459 -2.8316752996
0.7518591828 0.5491732204
0.4026468782 0.3704460098
-0.8245721907 -0.5597782713
-0.9427830579 -0.5539211201
-0.6604560671 -0.5215704297
-1.2795620362 -0.3674067361
0.2314956926 0.2253203880
-1.2500447220 -0.3941140019
0.1522828590 0.1505205436
-1.4018933090 -0.2356597772
0.5523938529 0.4702367815
-0.3514844980 -0.3299956662
-1.6682219870 0.1622706383
1.1614861221 0.4622443066
2.2362667508 -1.3807365006
6.0624893152 5.9154456189
2.3548565263 -1.6629056382
6.1762261141 6.1409309382
3.5138808212 -3.2731710910
2.9557437865 -2.9048451405
5.4173445891 3.5104394019
-2.2689050131 1.4583840286
1.5643208368 0.0101296732
4.0723991141 -2.4319850849
-0.2251600173 -0.2194766168
-1.7135867288 0.2438531049
1.2463223022 0.3973403880
2.6349104153 -2.3038585767
6.1012823833 6.0006187411
2.7408389818 -2.5236747413
5.9447430674 5.6075157128
1.2483161907 0.3956161471
2.6442644013 -2.3239390903
6.0902822356 5.9773186267
2.6303708560 -2.2940711100
6.1064227697 6.0112733291
2.7927323777 -2.6245063104
5.8427069242 5.2850076797
0.3756044827 0.3494196093
-0.9003224483 -0.5594219738
-0.7649699594 -0.5518517470
-1.0735260399 -0.5121022018
-0.3224917408 -0.3058668574
-1.6849398773 0.1919076663
1.1935329368 0.4396709070
2.3868995525 -1.7388129378
6.1923977505 6.1668952254
3.6851410169 -3.1540346029
1.9946598179 -0.8203738866
5.5840437301 4.2739986854
-1.4340542686 -0.1954849916
0.6337517747 0.5106844608
-0.0593875869 -0.0592828911
-1.6608743300 0.1494060039
1.1471217039 0.4715965878
2.1688040614 -1.2210303239
5.9610374613 5.6543873197
1.3953193845 0.2435917542
3.3262152946 -3.2696882432
3.9257690296 -2.7793274354
0.6018048288 0.4960768607
-0.1768148913 -0.1740581580
-1.7116408854 0.2402790524
1.2428237778 0.4003437509
2.6184942431 -2.2683373519
6.1192585470 6.0372241913
2.9230579911 -2.8535365105
5.5150506249 3.9664681620
-1.8121188861 0.4330729834
1.4056202450 0.2311205408
3.3731415412 -3.2831195298
3.6938946780 -3.1446828175
1.9443450093 -0.7095336507
5.4463867369 3.6482257951
-2.1428295586 1.1600051645
1.6294619004 -0.0955384935
4.3427797899 -1.5688337242
-1.5953103357 0.0391035351
1.0118312073 0.5365833028
1.5391477690 0.0487036756
3.9649890736 -2.6951378782
0.3772299698 0.3507063770
-0.8958568380 -0.5597762116
-0.7757742465 -0.5538089955
-1.0504859845 -0.5222485136
-0.3834301106 -0.3555880527
-1.6455803567 0.1229484545
1.1166890201 0.4898471040
2.0261066055 -0.8909621526
5.6638005740 4.6116691589
-0.9408481456 -0.5542563580
-0.6652853456 -0.5234070439
-1.2707595123 -0.3755798063
0.2079187904 0.2034407696
-1.2983058010 -0.3494142130
0.2815422736 0.2704574136
-1.1391298886 -0.4765948108
-0.1469636595 -0.1453794301
-1.7049600334 0.2280581476
1.2307140647 0.4105226988
2.5616415203 -2.1427860528
6.1684047209 6.1278162316
3.4315988191 -3.2883025015
3.3944859367 -3.2865160208
3.5858681410 -3.2377603116
2.5582091582 -2.1350906474
6.1707200821 6.1317362476
3.4559190607 -3.2865957996
3.2667727030 -3.2412108715
4.2075079439 -2.0351855742
-0.9426282708 -0.5539482373
-0.6608426169 -0.5217189420
-1.2788601639 -0.3680649125
0.2296173866 0.2235907456
-1.2539839167 -0.3906651392
0.1628774000 0.1607216809
-1.3832907214 -0.2578575688
0.5046531883 0.4417442381
-0.5118049071 -0.4462232355
-1.5119444132 -0.0889294659
0.8233748777 0.5596889076
0.7012557759 0.5357822677
0.1995829344 0.1956210836
-1.3147507466 -0.3329698827
0.3252460470 0.3081940905
-1.0330181831 -0.5291418902
-0.4293043901 -0.3903473818
-1.6055100632 0.0557220602
1.0336817452 0.5288925747
1.6397961456 -0.1130558776
4.3845873550 -1.4116726692
-1.7803541575 0.3703624896
1.3582325903 0.2865417464
3.1561140897 -3.1557813273
4.6921585263 -0.0949180227
-2.8281020500 2.6902686468
0.1075652556 0.1069435751
-1.4745373865 -0.1417183142
0.7337401122 0.5449304591
0.3291076749 0.3114448342
-1.0232342661 -0.5327032026
-0.4548618876 -0.4086123108
-1.5794203061 0.0136207192
0.9772362616 0.5465835778
1.3809742443 0.2605679877
3.2606247100 -3.2375526776
4.2358356019 -1.9430595551
-1.0854795701 -0.5063638046
-0.2907068138 -0.2785091982
-1.6990001952 0.2172222020
1.2197844014 0.4194206791
2.5102962261 -2.0264693779
6.1952953368 6.1713825015
3.7159859170 -3.1196523467
1.8170426375 -0.4429318139
5.0466953126 1.6558913043
-3.1569225990 3.1565516564
-1.6250254005 0.0880804364
1.0746854749 0.5115598216
1.8299574597 -0.4689628116
5.0903947960 1.8787008320
-3.1207554383 3.1200779631
-1.4064176810 -0.2301453231
0.5639326821 0.4766131077
-0.3114720173 -0.2964850698
-1.6903238720 0.2015595205
1.2036618977 0.4320451709
2.4345185997 -1.8508813709
6.2047497771 6.1856733392
3.8169595995 -2.9790514486
1.2315837191 0.4098029195
2.5657257745 -2.1519269281
6.1655529058 6.1229445173
3.4016874839 -3.2872737486
3.5490768046 -3.2584810938
2.7627834373 -2.5669177376
5.9036079422 5.4833969015
0.8864083061 0.5603864134
0.9743071975 0.5473086431
1.3676552666 0.2759200651
3.1994912915 -3.1941300385
4.5087137248 -0.9119774175
-2.2746151258 1.4719802419
1.5591922719 0.0180925467
4.0506407113 -2.4891067001
-0.1049800678 -0.1044021159
-1.6884055187 0.1981145530
1.2000637285 0.4347811163
2.4176031323 -1.8111936207
6.2019694613 6.1815265643
3.7872134558 -3.0249473229
1.4043832504 0.2326305396
3.3675142478 -3.2819392438
3.7221156050 -3.1123435358
1.7816463852 -0.3728829239
4.9235293605 1.0318491143
-3.1647330069 3.1638857255
-1.6730587177 0.1707929405
1.1708493070 0.4558930605
2.2802652693 -1.4854353601
6.1144581934 6.0276287187
2.8741946252 -2.7720505215
5.6496567276 4.5533048971
-1.0326430724 -0.5292823903
-0.4302861357 -0.3910640187
-1.6045570228 0.0541606719
1.0316520957 0.5296520461
1.6304251662 -0.0971627580
4.3466899216 -1.5543859423
-1.6129802768 0.0680217012
1.0495037585 0.5226543809
1.7129899857 -0.2427563301
4.6712307348 -0.1922053850
-2.7768355576 2.5941487625
0.3220438708 0.3054877572
-1.0410814334 -0.5260452564
-0.4081661086 -0.3746353797
-1.6250656685 0.0881479608
1.0747689664 0.5115206467
1.8303461495 -0.4697500643
5.0916994897 1.8853548722
-3.1194009510 3.1186328743
-1.3983545650 -0.2399414302
0.5433485508 0.4650967235
-0.3825113274 -0.3548673124
-1.6462925594 0.1241708518
1.1181219599 0.4890353515
2.0328165963 -0.9061431774
5.6801764722 4.6783805926
-0.8322620865 -0.5602828067
-0.9252934990 -0.5566567282
-0.7038833394 -0.5365947019
-1.1978207209 -0.4364715756
0.0114166628 0.0114159188
-1.5982685713 0.0439025022
1.0181976070 0.5344528747
1.5684175690 0.0037308821
4.0897329142 -2.3851110651
-0.3201012032 -0.3038412075
-1.6861535094 0.1940788056
1.1958244009 0.4379663888
2.3976726725 -1.7642547768
6.1964188852 6.1731089176
3.7279589848 -3.1052288635
1.7478771022 -0.3079003566
4.8015653529 0.4276188864
-3.0416207793 3.0264338839
-0.9509114118 -0.5524238938
-0.6401034852 -0.5133847284
-1.3158429280 -0.3318559998
0.3281410429 0.3106324510
-1.0256895109 -0.5318296824
-0.4484580446 -0.4041130463
-1.5862061294 0.0244421560
0.9920913310 0.5426146855
1.4487041929 0.1764362819
3.5676751350 -3.2486959716
2.6597120168 -2.3568370869
6.0709141193 5.9346520939
2.4378217883 -1.8586136080
6.2050852475 6.1861705358
3.8205516717 -2.9732559290
1.2107165968 0.4265946020
2.4676805580 -1.9282118242
6.2050322881 6.1860920905
3.8199845641 -2.9741745391
1.2140109683 0.4240101392
2.4831644366 -1.9640711827
6.2028113352 6.1827871142
3.7962159473 -3.0114521113
1.3520935925 0.2933548791
3.1277994877 -3.1275019583
4.8071031694 0.4546204498
-3.0499064513 3.0370961238
-0.9970880525 -0.5411698705
-0.5226242259 -0.4528603029
-1.4977068240 -0.1093692100
0.7895939779 0.5559797108
0.5586093636 0.4736968180
-0.3299912516 -0.3121866325
-1.6809688890 0.1848222242
1.1860019476 0.4451878429
2.3514934244 -1.6549218719
6.1741648826 6.1375098362
3.4921614260 -3.2797595428
3.0733318454 -3.0661744721
5.0170790006 1.5051110951
-3.1713645564 3.1699591650
-1.7140678404 0.2447378069
1.2471853219 0.3965951994
2.6389593040 -2.3125649678
6.0965883874 5.9907592311
2.6936026302 -2.4277967197
6.0231895433 5.8207565703
1.9743433472 -0.7752908867
5.5299237120 4.0338678353
-1.7344752319 0.2826310667
1.2830545767 0.3641149067
2.8069470197 -2.6512365600
5.8118911828 5.1782872367
0.1288957705 0.1278265072
-1.4410736435 -0.1864160773
0.6512925016 0.5179735318
0.0065233238 0.0065231850
-1.6033739094 0.0522248072
1.0291290015 0.5305832597
1.6187819934 -0.0776485258
4.2992482618 -1.7260956219
-1.3937770656 -0.2454388468
0.5316223477 0.4582509065
-0.4222852100 -0.3851894554
-1.6122085828 0.0667461127
1.0478764877 0.5233219967
1.7054508185 -0.2289532564
4.6425104342 -0.3241479264
-2.7012769762 2.4436215031
0.6088332462 0.4994355650
-0.1512760591 -0.1495484232
-1.7061855914 0.2302941466
1.2329468176 0.4086712420
2.5721270434 -2.1662176911
6.1608717967 6.1148440697
3.3526947588 -3.2782668665
3.7959031928 -3.0119266934
1.3539103679 0.2913474103
3.1361832123 -3.1361373269
4.7734731714 0.2914024507
-2.9957695104 2.9639743083
-0.7020144719 -0.5360181502
-1.2014558333 -0.4337261294
0.0212360290 0.0212312408
-1.5876749492 0.0267964936
0.9952909104 0.5416958990
1.4633306820 0.1569552586
3.6330149720 -3.2030933770
2.2923907332 -1.5143132409
6.1267711795 6.0519769647
2.9998243614 -2.9697292091
5.2760818691 2.8190706246
-2.7644491366 2.5701646837
0.3714664824 0.3461309975
-0.9116395818 -0.5583340896
-0.7374234257 -0.5458433701
-1.1308631753 -0.4816108588
-0.1692044546 -0.1667880538
-1.7103372175 0.2378882083
1.2404726332 0.4023463549
2.6074595909 -2.2442673428
6.1303892604 6.0589664090
3.0369222542 -3.0203013404
5.1489569634 2.1771429446
-3.0441055000 3.0296517511
-0.9647208895 -0.5495496820
-0.6052914308 -0.4977531204
-1.3747497499 -0.2677918624
0.4825822200 0.4274711140
-0.5829939647 -0.4866939367
-1.4103164709 -0.2253571698
0.5738523663 0.4819303258
-0.2766910972 -0.2661670432
-1.7037625225 0.2258758644
1.2285275245 0.4123247420
2.5513717813 -2.1197250242
6.1751111776 6.1390835617
3.5021295282 -3.2769690816
3.0195128173 -2.9970401141
5.2095381710 2.4845421820
-2.9303371501 2.8651911307
-0.3668565884 -0.3424457470
-1.6578741085 0.1441816278
1.1412081499 0.4753091249
2.1410479651 -1.1558316540
5.9118345380 5.5088722864
0.9577167302 0.5510595997
1.2924492069 0.3551220841
2.8508281764 -2.7311646397
5.7090834003 4.7938053086
-0.6345975798 -0.5110479914
-1.3254275668 -0.3219649863
0.3535030660 0.3316444718
-0.9599153092 -0.5505972098
-0.6174384632 -0.5034371741
-1.3546559658 -0.2905214084
0.4303108917 0.3910820744
-0.7439111561 -0.5473889263
-1.1175448238 -0.4893628608
-0.2049757148 -0.2006847384
-1.7141003235 0.2447975534
1.2472435616 0.3965448498
2.6392325278 -2.3131516916
6.0962679229 5.9900815910
2.6903830169 -2.4211302741
6.0280317140 5.8328714209
2.0206390420 -0.8786221529
5.6502885509 4.5559266051
-1.0285820049 -0.5307832583
-0.4409053139 -0.3987396356
-1.5939964079 0.0369775286
1.0089959630 0.5375029494
1.5261279092 0.0681470516
3.9088507592 -2.8136560461
0.6992070526 0.5351400598
0.1915170206 0.1880154388
-1.3303542269 -0.3167999548
0.3665078781 0.3421660607
-0.9251043839 -0.5566826972
-0.7043501100 -0.5367377045
-1.1969112023 -0.4371537451
0.0089597342 0.0089593745
-1.6008463994 0.0480983110
1.0237260390 0.5325293229
1.5938723155 -0.0367769154
4.1964725835 -2.0702549496
-0.8861875034 -0.5603984168
-0.7990386530 -0.5572463728
-0.9998639563 -0.5403432574
-0.5154693296 -0.4484900002
-1.5071719158 -0.0958282417
0.8120989099 0.5587051296
0.6533369581 0.5187886720
0.0142702250 0.0142687720
-1.5952380000 0.0389864039
1.0116752389 0.5366343593
1.5384312916 0.0497826906
3.9619099170 -2.7019798032
0.3947905499 0.3644221325
-0.8468975276 -0.5609093727
-0.8916401106 -0.5600718740
-0.7859417520 -0.5554425639
-1.0285293790 -0.5308024645
-0.4410428085 -0.3988380982
-1.5938566567 0.0367516028
1.0086941302 0.5375997965
1.5247424132 0.0701955355
3.9028542579 -2.8255349092
0.7337937624 0.5449439400
0.3293240834 0.3116265870
-1.0226840256 -0.5328971129
-0.4562961286 -0.4096127793
-1.5778779024 0.0111737683
0.9738430638 0.5474218011
1.3655458784 0.2783151252
3.1897896612 -3.1860855150
4.5504971752 -0.7334744450
-2.4204966812 1.8179929658
1.3615775832 0.2827938683
3.1715243956 -3.1701038027
4.6279899703 -0.3901342201
-2.6608308041 2.3592066318
0.7477916947 0.5482751500
0.3860600106 0.3576459226
-0.8714019295 -0.5609688077
-0.8342585442 -0.5603941032
-0.9207308805 -0.5572617818
-0.7151275010 -0.5399281594
-1.1757336136 -0.4524999777
-0.0482447561 -0.0481886208
-1.6526255241 0.1350821501
1.1307964308 0.4816507204
2.0922089460 -1.0421408662
5.8150026938 5.1892495843
0.1534403983 0.1516376425
-1.3998866717 -0.2380910749
0.5472668864 0.4673385028
-0.3691076188 -0.3442481000
-1.6562733322 0.1414009510
1.1380416077 0.4772641085
2.1261901735 -1.1210932807
5.8837475281 5.4205776727
0.7164979361 0.5403184889
0.2599793684 0.2512428350
-1.1883200013 -0.4435036093
-0.0142486287 -0.0142471823
-1.6237583410 0.0859573144
1.0720559764 0.5127855059
1.8177187743 -0.4442884833
5.0489998495 1.6676344839
-3.1554593946 3.1551560233
-1.6160589857 0.0731221530
1.0559792162 0.5199384778
1.7430152565 -0.2986985621
4.7836606067 0.3406507026
-3.0131305124 2.9883025584
-0.7949215505 -0.5567159677
-1.0089209390 -0.5375270409
-0.4920583599 -0.4336816744
-1.5367772253 -0.0522696971
0.8812423543 0.5606403246
0.9516181279 0.5522869189
1.2649072336 0.3809155750
2.7220354829 -2.4859517641
5.9776279095 5.7007407278
1.5470718953 0.0366999583
3.9989639601 -2.6170313772
0.1844089430 0.1812822528
-1.3438522557 -0.3023681126
0.4020203148 0.3699681867
-0.8263622061 -0.5599064485
-0.9387239989 -0.5546150259
-0.6705799366 -0.5253734970
-1.2610247427 -0.3844121701
0.1817975776 0.1788016051
-1.3487516247 -0.2970282669
0.4148650789 0.3796723692
-0.7893384671 -0.5559429885
-1.0211359188 -0.5334390434
-0.4603295701 -0.4124120868
-1.5734960731 0.0042480350
0.9641699586 0.5496723434
1.3216541606 0.3258838382
2.9868360352 -2.9511405811
5.3188226301 3.0314133398
-2.6351279086 2.3043268139
0.8307770368 0.5601947475
0.7328725477 0.5447117100
0.3256093042 0.3085004871
-1.0321006252 -0.5294850081
-0.4317055761 -0.3920980673
-1.6031720979 0.0518948658
1.0286982376 0.5307408163
1.6167948508 -0.0743439534
4.2911127174 -1.7547452515
-1.3551665805 -0.2899550100
0.4316448924 0.3920539104
-0.7399416901 -0.5464527653
-1.1257073516 -0.4846600040
-0.1830617630 -0.1800029723
-1.7125073207 0.2418696758
1.2443831787 0.3990085263
2.6258119695 -2.2842146890
6.1114547077 6.0215582908
2.8436969038 -2.7184497488
5.7265752565 4.8621540679
-0.5113111891 -0.4459163619
-1.5125835212 -0.0880020083
0.8248812011 0.5598008629
0.7076795335 0.5377461394
0.2249539508 0.2192860965
-1.2636936196 -0.3820122695
0.1889635613 0.1855999057
-1.3352304305 -0.3116338237
0.3793572748 0.3523860514
-0.8899955821 -0.5601769783
-0.7898978767 -0.5560232195
-1.0199155080 -0.5338624783
-0.4635073384 -0.4146026388
-1.5699980061 -0.0012533617
0.9564126822 0.5513288632
1.2865551863 0.3607875414
2.8233045283 -2.6814970721
5.7749185432 5.0449071786
-0.1563751814 -0.1544671377
-1.7075210464 0.2327336449
1.2353740141 0.4066455651
2.5835241784 -2.1915506739
6.1518982887 6.0989564731
3.2591462032 -3.2366533181
4.2426245381 -1.9205353958
-1.1192643063 -0.4883848538
-0.2003620527 -0.1963537267
-1.7139515447 0.2445239173
1.2469767828 0.3967754224
2.6379809602 -2.3104632356
6.0977320436 5.9931728504
2.7050981067 -2.4514659768
6.0053739911 5.7751158880
1.8054618732 -0.4198018631
5.0069400764 1.4535663187
-3.1744589378 3.1727445786
-1.7332737737 0.2803804639
1.2809831984 0.3660706057
2.7972644264 -2.6330718063
5.8330149849 5.2518892300
0.2971458503 0.2841237472
-1.1022243361 -0.4977784602
-0.2460143529 -0.2386070546
-1.7110763382 0.2392433454
1.2418063357 0.4012119208
2.6137192957 -2.2579403666
6.1241691002 6.0469037764
2.9731950352 -2.9311379907
5.3627096315 3.2468077127
-2.4837332719 1.9653852657
1.2352346072 0.4067622766
2.5828696250 -2.1900996913
6.1524358001 6.0999213982
3.2647360122 -3.2400135808
4.2169096382 -2.0049440368
-0.9903689116 -0.5430998938
-0.5399019448 -0.4631058014
-1.4740585240 -0.1423748780
0.7325746974 0.5446362827
0.3244087377 0.3074873690
-1.0351309418 -0.5283446376
-0.4237721067 -0.3862870619
-1.6108065489 0.0644315341
1.0449157649 0.5245213628
1.6917402259 -0.2041072148
4.5897912023 -0.5612896830
-2.5474204437 2.1108236548
1.0826736503 0.5077399846
1.8671699427 -0.5453141780
5.2124580306 2.4993013533
-2.9239600728 2.8549878168
-0.3354843725 -0.3167814382
-1.6779033068 0.1793717404
1.1801533030 0.4493824037
2.3239981999 -1.5895637263
6.1547368376 6.1040330783
3.2886853165 -3.2531720058
4.1052811655 -2.3420402997
-0.4046166747 -0.3719452405
-1.6281673616 0.0933584128
1.0811859763 0.5084623594
1.8602360864 -0.5309399026
5.1901554615 2.3864174203
-2.9705804163 2.9272485875
-0.5701571778 -0.4799675184
-1.4300028205 -0.2006705987
0.6235909268 0.5062228574
-0.0971068193 -0.0966493332
-1.6843638229 0.1908780530
1.1924436125 0.4404769737
2.3817781699 -1.7267029634
6.1902356812 6.1635142461
3.6621569618 -3.1770626993
2.1263658216 -1.1215032324
5.8840866293 5.4216657415
0.7193722428 0.5411258392
0.2714443437 0.2615053112
-1.1624282898 -0.4616143283
-0.0841632202 -0.0838653132
-1.6770735182 0.1778993307
1.1785650152 0.4505079235
2.3165318864 -1.5717954432
6.1486719255 6.0931291765
3.2256308799 -3.2142471964
4.3940296653 -1.3753696964
-1.8209277691 0.4507366419
1.4180567344 0.2157522243
3.4295927872 -3.2883409790
3.4049411543 -3.2875514753
3.5323988322 -3.2660639419
2.8545754337 -2.7378020151
5.6997707932 4.7569519968
-0.6991071054 -0.5351085338
-1.2070903679 -0.4294105706
0.0364546540 0.0364304336
-1.5703365439 -0.0007220139
0.9571647740 0.5511740229
1.2899541661 0.3575300350
2.8391797167 -2.7103395500
5.7374984118 4.9042471980
-0.4329286108 -0.3929870506
-1.6019721836 0.0499347656
1.0261347385 0.5316698332
1.6049733963 -0.0548426092
4.2424859284 -1.9209969813
-1.1185763132 -0.4887769821
-0.2022082287 -0.1980883334
-1.7140229983 0.2446553311
1.2471049175 0.3966646981
2.6385820951 -2.3117547795
6.0970300459 5.9916921970
2.6980409495 -2.4369600228
6.0164085900 5.8035819815
1.9097934526 -0.6350855036
5.3449634554 3.1600655954
-2.5472232781 2.1103790828
1.0831853296 0.5074903636
1.8695551863 -0.5502741658
5.2200825618 2.5378111867
-2.9069185928 2.8272404842
-0.2527944481 -0.2447599534
-1.7098295068 0.2369579002
1.2395554213 0.4031241580
