0.7557628633 0.5500053277
0.4814317107 0.4267087545
-0.3876309216 -0.3588714826
-1.4084931667 -0.2276005581
0.2006988398 0.1966703125
-1.0305928828 -0.5300447168
-0.5465083605 -0.4669063338
-1.2936274954 -0.3539799934
-0.0221136352 -0.0221082285
-1.3311527902 -0.3159575874
0.0518870458 0.0518172146
-1.2528246304 -0.3916838156
-0.1034544257 -0.1029012924
-1.3924546350 -0.2470184054
0.1703379186 0.1678727100
-1.0828770433 -0.5076408313
-0.4439542314 -0.4009174552
-1.3771666555 -0.2649971563
0.1411345374 0.1397312426
-1.1298328940 -0.4822250335
-0.3504573830 -0.3291551040
-1.4232087171 -0.2092862549
0.2282875785 0.2223647396
-0.9800454572 -0.5458704172
-0.6434210510 -0.5147677457
-1.1858090120 -0.4453274677
-0.2380709062 -0.2313560491
-1.4375735079 -0.1909515784
0.2549543780 0.2467129274
-0.9284668547 -0.5562094700
-0.7393508135 -0.5463108570
-1.0547010592 -0.5204820598
-0.4994688483 -0.4384522782
-1.3360503260 -0.3107599083
0.0614722378 0.0613561276
-1.2411062459 -0.4018079190
-0.1269331292 -0.1259119269
-1.4053438064 -0.2314582819
0.1947604620 0.1910783316
-1.0410958507 -0.5260395885
-0.5260725266 -0.4549400927
-1.3128891817 -0.3348622014
0.0159866985 0.0159846557
-1.2935111154 -0.3540929390
-0.0223445042 -0.0223389264
-1.3313634932 -0.3157350864
0.0522998028 0.0522282921
-1.2523274345 -0.3921197631
-0.1044497379 -0.1038804956
-1.3930445503 -0.2463142679
0.1714597691 0.1689456116
-1.0810078219 -0.5085485291
-0.4476529127 -0.4035436672
-1.3747380167 -0.2678053979
0.1364729825 0.1352040577
-1.1370237269 -0.4778876521
-0.3360594662 -0.3172607902
-1.4276029216 -0.2037254449
0.2364734655 0.2298924562
-0.9644955139 -0.5495999410
-0.6726880211 -0.5261426752
-1.1482232386 -0.4708961778
-0.3136049574 -0.2983097100
-1.4329786568 -0.1968651958
0.2464539017 0.2390069635
-0.9451969491 -0.5534914928
-0.7086043826 -0.5380226503
-1.0991533795 -0.4994008581
-0.4116645195 -0.3772724435
-1.3964367628 -0.2422502853
0.1779033171 0.1750954509
-1.0701782143 -0.5136511813
-0.4690394768 -0.4183845663
-1.3598173490 -0.2847692375
0.1077075176 0.1070833687
-1.1795334051 -0.4498223763
-0.2506940014 -0.2428574296
-1.4382735095 -0.1900466397
0.2562469028 0.2478799335
-0.9258994299 -0.5565730040
-0.7440355865 -0.5474177882
-1.0477380671 -0.5233785103
-0.5131021991 -0.4470279189
-1.3244547460 -0.3229783870
0.0387485658 0.0387194799
-1.2683016975 -0.3778302402
-0.0725158584 -0.0723252778
-1.3721903531 -0.2707371354
0.1315766274 0.1304393155
-1.1444862215 -0.4732610574
-0.3211012247 -0.3046892383
-1.4313853497 -0.1989050657
0.2434997512 0.2363165396
-0.9509480185 -0.5524168255
-0.6979500550 -0.5347422448
-1.1140383713 -0.4913363042
-0.3820178199 -0.3544797960
-1.4110234748 -0.2244853064
0.2054614309 0.2011399499
-1.0220726694 -0.5331117656
-0.5630166173 -0.4761143679
-1.2771560390 -0.3696582639
-0.0548595084 -0.0547769774
-1.3589481834 -0.2857420720
0.1060253769 0.1054299991
-1.1819197804 -0.4481238009
-0.2458941706 -0.2384976863
-1.4380774638 -0.1903001884
0.2558849789 0.2475532833
-0.9266189687 -0.5564725544
-0.7427235687 -0.5471119816
-1.0496930789 -0.5225763209
-0.5092780523 -0.4446489963
-1.3277656721 -0.3195205955
0.0452472432 0.0452009335
-1.2607309305 -0.3846753749
-0.0876386125 -0.0873022725
-1.3825624718 -0.2587109510
0.1514698011 0.1497355272
-1.1135905119 -0.4915863362
-0.3829112868 -0.3551811752
-1.4106279967 -0.2249731377
0.2047175592 0.2004427374
-1.0234091184 -0.5326414409
-0.5604314684 -0.4746999364
-1.2797885399 -0.3671940936
-0.0496169083 -0.0495558465
-1.3547810513 -0.2903827116
0.0979509835 0.0974814688
-1.1932211414 -0.4399019048
-0.2231600169 -0.2176263109
-1.4359775281 -0.1930108254
0.2520050054 0.2440452832
-0.9343021144 -0.5553303037
-0.7286695201 -0.5436319102
-1.0703912520 -0.5135533701
-0.4686194852 -0.4180988625
-1.3601246667 -0.2844248595
0.1083021196 0.1076675835
-1.1786872361 -0.4504215191
-0.2523958492 -0.2443991660
-1.4383223990 -0.1899833972
0.2563371506 0.2479613703
-0.9257199330 -0.5565978883
-0.7443627717 -0.5474935390
-1.0472499362 -0.5235774571
-0.5140565591 -0.4476183536
-1.3236214045 -0.3238447875
0.0371116266 0.0370860731
-1.2701825499 -0.3761093275
-0.0687624177 -0.0685999181
-1.3694774671 -0.2738430807
0.1263556917 0.1253483506
-1.1523411044 -0.4682531714
-0.3053408585 -0.2912171765
-1.4344999364 -0.1949123812
0.2492713804 0.2415670072
-0.9396816008 -0.5544545438
-0.7187817135 -0.5409612204
-1.0846824515 -0.5067565775
-0.4403798638 -0.3983631325
-1.3794707843 -0.2623207396
0.1455515781 0.1440125240
-1.1229417504 -0.4862704915
-0.3642388282 -0.3403430092
-1.4183164676 -0.2154276393
0.2191451493 0.2139039964
-0.9971145542 -0.5411620598
-0.6109830304 -0.5004467151
-1.2248229030 -0.4153528573
-0.1596168164 -0.1575878088
-1.4197304146 -0.2136580561
0.2217905500 0.2163578202
-0.9922079189 -0.5425816048
-0.6203395952 -0.5047585999
-1.2138620056 -0.4241275402
-0.1816452085 -0.1786567489
-1.4271067280 -0.2043554845
0.2355503544 0.2290458782
-0.9662616390 -0.5492031086
-0.6693782156 -0.5249315065
-1.1525841026 -0.4680959895
-0.3048530692 -0.2907966187
-1.4345819969 -0.1948068997
0.2494232730 0.2417048561
-0.9393834227 -0.5545047279
-0.7193307930 -0.5411143056
-1.0838948038 -0.5071432637
-0.4419394919 -0.3994796496
-1.3784705997 -0.2634839803
0.1436348787 0.1421557603
-1.1259413005 -0.4845229656
-0.3582421849 -0.3354990403
-1.4205273030 -0.2126588041
0.2232803773 0.2177377377
-0.9894330034 -0.5433607843
-0.6256198717 -0.5071276422
-1.2075708306 -0.4290392016
-0.1942955410 -0.1906396619
-1.4305035573 -0.2000316235
0.2418633882 0.2348235568
-0.9541196170 -0.5517933291
-0.6920563926 -0.5328387257
-1.1221544532 -0.4867257552
-0.3658122234 -0.3416077201
-1.4177155132 -0.2161784189
0.2180200522 0.2128589986
-0.9991933587 -0.5405445177
-0.6070113592 -0.4985726950
-1.2294027087 -0.4116047741
-0.1504185404 -0.1487200812
-1.4160985317 -0.2181946005
0.2149905525 0.2100411281
-1.0047671011 -0.5388413285
-0.5963406787 -0.4934100667
-1.2414898932 -0.4014814529
-0.1261638353 -0.1251610718
-1.4049554097 -0.2319325243
0.1940273016 0.1903865116
-1.0423832581 -0.5255315810
-0.5235613326 -0.4534272160
-1.3151687036 -0.3325439404
0.0204802233 0.0204759284
-1.2886956260 -0.3587392625
-0.0319037124 -0.0318874772
-1.3399039260 -0.3066321004
0.0690010382 0.0688368415
-1.2316495005 -0.4097484042
-0.1459075035 -0.1443571445
-1.4141981882 -0.2205567667
0.2114260588 0.2067181595
-1.0112807183 -0.5367632640
-0.5838314794 -0.4871237491
-1.2552515236 -0.3895477562
-0.0985973315 -0.0981184659
-1.3895204948 -0.2505092114
0.1647523663 0.1625214544
-1.0921117861 -0.5030397619
-0.4256516368 -0.3876706800
-1.3885175962 -0.2516980029
0.1628410636 0.1606867849
-1.0952442822 -0.5014349304
-0.4194325796 -0.3830762328
-1.3921200036 -0.2474174871
0.1697013752 0.1672636565
-1.0839355022 -0.5071233179
-0.4418589134 -0.3994220392
-1.3785224714 -0.2634237068
0.1437343081 0.1422521193
-1.1257860468 -0.4846139213
-0.3585526458 -0.3357507444
-1.4204159418 -0.2127985281
0.2230722291 0.2175450332
-0.9898211978 -0.5432528081
-0.6248816876 -0.5067992561
-1.2084548872 -0.4283544921
-0.1925176466 -0.1889610069
-1.4300630140 -0.2005938166
0.2410454809 0.2340765983
-0.9557011317 -0.5514742186
-0.6891128030 -0.5318644593
-1.1261762505 -0.4843852147
-0.3577723387 -0.3351179254
-1.4206951906 -0.2124481054
0.2235941512 0.2180281768
-0.9888475095 -0.5435230080
-0.6267329308 -0.5076210645
-1.2062350330 -0.4300703804
-0.1969820367 -0.1931727370
-1.4311464154 -0.1992104901
0.2430564558 0.2359122758
-0.9518082022 -0.5522498930
-0.6963528629 -0.5342326170
-1.1162461926 -0.4900970133
-0.3776120465 -0.3510084198
-1.4129331909 -0.2221247881
0.2090508515 0.2044994661
-1.0155943886 -0.5353349517
-0.5755246290 -0.4828115682
-1.2641434462 -0.3816061723
-0.0808192521 -0.0805554501
-1.3779960005 -0.2640351723
0.1427250248 0.1412738055
-1.1273602154 -0.4836891339
-0.3554043808 -0.3331936873
-1.4215294982 -0.2114001347
0.2251529088 0.2194700450
-0.9859334123 -0.5443191340
-0.6322672883 -0.5100434912
-1.1995435810 -0.4351741593
-0.2104413376 -0.2057987530
-1.4339543609 -0.1956132973
0.2482613023 0.2406498882
-0.9416622814 -0.5541162936
-0.7151314093 -0.5399292775
-1.0899008173 -0.5041590206
-0.4300379703 -0.3908829788
-1.3858988642 -0.2547916090
0.1578452497 0.1558829621
-1.1033657537 -0.4971699591
-0.4032852021 -0.3709323356
-1.4008641059 -0.2369078990
0.1862936910 0.1830703366
-1.0558385028 -0.5199985021
-0.4972383191 -0.4370243667
-1.3378921752 -0.3087911773
0.0650721486 0.0649344269
-1.2366121783 -0.4056070162
-0.1359475163 -0.1346931775
-1.4097240633 -0.2260868686
0.2030166092 0.1988472189
-1.0264571774 -0.5315537911
-0.5545294827 -0.4714322871
-1.2857249400 -0.3615792277
-0.0378069481 -0.0377799313
-1.3449988028 -0.3011233257
0.0789364271 0.0786906300
-1.2188303303 -0.4201843789
-0.1716580704 -0.1691351938
-1.4239930522 -0.2082967833
0.2297505086 0.2237134104
-0.9772849377 -0.5465713688
-0.6486370626 -0.5169039930
-1.1792731312 -0.4500068425
-0.2512174800 -0.2433318875
-1.4382896964 -0.1900257013
0.2562767834 0.2479068975
-0.9258400028 -0.5565812503
-0.7441439146 -0.5474428912
-1.0475764778 -0.5234444285
-0.5134181479 -0.4472235314
-1.3241791733 -0.3232650658
0.0382073117 0.0381794276
-1.2689247655 -0.3772610513
-0.0712722955 -0.0710913497
-1.3712976468 -0.2717609961
0.1298594149 0.1287660127
-1.1470814212 -0.4716221487
-0.3158957536 -0.3002647510
-1.4325132498 -0.1974616162
0.2455913359 0.2382220543
-0.9468795402 -0.5531845292
-0.7054916440 -0.5370857498
-1.1035302915 -0.4970819971
-0.4029577254 -0.3706828967
-1.4010322854 -0.2367041064
0.1866119732 0.1833721014
-1.0552892428 -0.5202323723
-0.4983155376 -0.4377148323
-1.3370046175 -0.3097408324
0.0633377450 0.0632107424
-1.2387837149 -0.4037770760
-0.1315911189 -0.1304534315
-1.4076465099 -0.2286397944
0.1991035477 0.1951701141
-1.0334275821 -0.5289881865
-0.5410019626 -0.4637431526
-1.2989414119 -0.3487900460
-0.0115802867 -0.0115795103
-1.3213167792 -0.3262326543
0.0325820404 0.0325647476
-1.2753322440 -0.3713561582
-0.0584934698 -0.0583934310
-1.3617734442 -0.2825736403
0.1114907048 0.1107984976
-1.1741261407 -0.4536227274
-0.2615682944 -0.2526712089
-1.4384004337 -0.1898824423
0.2564811925 0.2480913363
-0.9254333804 -0.5566374704
-0.7448850036 -0.5476140256
-1.0464703185 -0.5238940899
-0.5155804296 -0.4485584250
-1.3222849343 -0.3252309946
0.0344853456 0.0344648419
-1.2731781857 -0.3733517287
-0.0627874323 -0.0626637108
-1.3650451289 -0.2788822293
0.1178103381 0.1169937222
-1.1649694241 -0.4599050377
-0.2799758344 -0.2690741680
-1.4376172215 -0.1908950981
0.2550351128 0.2467858588
-0.9283066679 -0.5562325674
-0.7396433729 -0.5463812024
-1.0542676691 -0.5206655363
-0.5003184765 -0.4389943566
-1.3353446435 -0.3115121765
0.0600922646 0.0599837983
-1.2428155208 -0.4003508060
-0.1235059776 -0.1225652112
-1.4035958611 -0.2335899481
0.1914595546 0.1879611174
-1.0468760062 -0.5237294956
-0.5147875161 -0.4480696941
-1.3229812331 -0.3245092874
0.0358537933 0.0358307508
-1.2716206610 -0.3747880507
-0.0658935283 -0.0657505266
-1.3673667268 -0.2762482687
0.1222886290 0.1213753848
-1.1583867530 -0.4643023067
-0.2932013345 -0.2806885389
-1.4362850035 -0.1926145294
0.2525734857 0.2445599664
-0.9331799090 -0.5555050958
-0.7307272931 -0.5441647201
-1.0673887208 -0.5149224137
-0.4745360349 -0.4221020879
-1.3557429821 -0.2893149349
0.0998162453 0.0993194093
-1.1906329829 -0.4418107481
-0.2283666708 -0.2224376916
-1.4366297589 -0.1921699398
0.2532107412 0.2451366303
-0.9319205081 -0.5556980139
-0.7330346038 -0.5447526787
-1.0640105658 -0.5164382981
-0.4811855193 -0.4265453886
-1.3506843493 -0.2949069354
0.0899979710 0.0896337416
-1.2041041443 -0.4317068454
-0.2012678556 -0.1972050438
-1.4321151616 -0.1979713928
0.2448533098 0.2375500445
-0.9483169888 -0.5529174080
-0.7028295189 -0.5362703803
-1.1072551961 -0.4950741228
-0.3955406861 -0.3650003446
-1.4047433346 -0.2321913330
0.1936269021 0.1900085584
-1.0430854837 -0.5252529110
-0.5221910229 -0.4525978012
-1.3164044580 -0.3312822595
0.0229147557 0.0229087398
-1.2860535255 -0.3612660909
-0.0371537707 -0.0371281301
-1.3444417994 -0.3017284244
0.0778512744 0.0776154722
-1.2202492349 -0.4190478389
-0.1688064650 -0.1664070482
-1.4230338805 -0.2095066353
0.2279613695 0.2220638113
-0.9806599097 -0.5457121076
-0.6422588728 -0.5142854039
-1.1872555100 -0.4442785731
-0.2351610910 -0.2286887099
-1.4373276143 -0.1912692087
0.2545001890 0.2463025470
-0.9293675646 -0.5560785651
-0.7377051302 -0.5459121359
-1.0571353387 -0.5194436141
-0.4946940664 -0.4353871720
-1.3399739848 -0.3065567467
0.0691378022 0.0689726274
-1.2314756621 -0.4098924486
-0.1462564929 -0.1446949958
-1.4143480079 -0.2203708256
0.2117072371 0.2069805765
-1.0107686500 -0.5369300578
-0.5848163892 -0.4876277779
-1.2541841299 -0.3904888980
-0.1007333291 -0.1002226804
-1.3908221618 -0.2489629468
0.1672314320 0.1648984501
-1.0880278610 -0.5050984575
-0.4337516129 -0.3935842264
-1.3836315398 -0.2574577839
0.1535139375 0.1517085918
-1.1103292393 -0.4933932217
-0.3894148271 -0.3602598754
-1.4076662474 -0.2286155855
0.1991407470 0.1952051132
-1.0333615921 -0.5290129871
-0.5411302260 -0.4638173509
-1.2988186659 -0.3489106536
-0.0118234134 -0.0118225870
-1.3215487253 -0.3259928746
0.0330380859 0.0330200568
-1.2748174120 -0.3718340749
-0.0595195615 -0.0594141663
-1.3625618198 -0.2816863143
0.1130144598 0.1122935021
-1.1719325280 -0.4551452882
-0.2659789823 -0.2566260000
-1.4383268122 -0.1899776882
0.2563452970 0.2479687210
-0.9257037289 -0.5566001314
-0.7443923060 -0.5475003669
-1.0472058619 -0.5235953939
-0.5141427210 -0.4476715954
-1.3235460298 -0.3239230749
0.0369635427 0.0369382939
-1.2703521803 -0.3759537241
-0.0684239757 -0.0682638631
-1.3692301401 -0.2741254245
0.1258793548 0.1248833533
-1.1530524920 -0.4677926321
-0.3039127984 -0.2899853465
-1.4347377416 -0.1946066635
0.2497115292 0.2419664140
-0.9388173151 -0.5545994747
-0.7203729261 -0.5414033143
-1.0823979409 -0.5078742416
-0.4449024424 -0.4015923711
-1.3765483350 -0.2657133691
0.1399482911 0.1385800461
-1.1316707471 -0.4811277462
-0.3467791106 -0.3261361388
-1.4244012404 -0.2077813045
0.2305115460 0.2244144342
-0.9758456949 -0.5469301578
-0.6513530887 -0.5179977925
-1.1758415959 -0.4524243439
-0.2581186986 -0.2495677200
-1.4384077536 -0.1898729718
0.2564947036 0.2481035262
-0.9254064980 -0.5566411746
-0.7449339899 -0.5476253009
-1.0463971578 -0.5239237330
-0.5157234081 -0.4486464572
-1.3221591709 -0.3253612302
0.0342381437 0.0342180779
-1.2734587591 -0.3730923995
-0.0622280118 -0.0621075671
-1.3646229839 -0.2793598773
0.1169954826 0.1161956818
-1.1661588105 -0.4590999017
-0.2775854568 -0.2669594602
-1.4377895279 -0.1906724285
0.2553533207 0.2470732624
-0.9276750720 -0.5563230982
-0.7407965514 -0.5466569026
-1.0525575054 -0.5213853955
-0.5036697615 -0.4411226801
-1.3325390978 -0.3144918151
0.0546021327 0.0545207577
-1.2495418558 -0.3945517140
-0.1100275296 -0.1093622015
-1.3962791022 -0.2424397322
0.1776041228 0.1748103747
-1.0706845870 -0.5134185239
-0.4680411435 -0.4177050579
-1.3605469208 -0.2839513398
0.1091189598 0.1084699672
-1.1775225600 -0.4512434941
-0.2547382025 -0.2465176223
-1.4383720567 -0.1899191557
0.2564288131 0.2480440773
-0.9255375913 -0.5566230960
-0.7446950962 -0.5475702713
-1.0467538935 -0.5237790778
-0.5150261979 -0.4482169061
-1.3227718384 -0.3247264385
0.0354423028 0.0354200446
-1.2720897796 -0.3743560212
-0.0649578761 -0.0648208785
-1.3666713663 -0.2770384516
0.1209478399 0.1200642823
-1.1603657549 -0.4629907836
-0.2892260170 -0.2772129886
-1.4367527704 -0.1920112441
0.2534380806 0.2453422804
-0.9314708542 -0.5557660625
-0.7338578779 -0.5449600434
-1.0628022643 -0.5169742237
-0.4835620148 -0.4281189387
-1.3488421371 -0.2969291091
0.0864168720 0.0860943975
-1.2089239672 -0.4279904562
-0.1915743241 -0.1880696046
-1.4298243802 -0.2008981690
0.2406023306 0.2336716898
-0.9565569669 -0.5512992537
-0.6875185824 -0.5313302789
-1.1283455297 -0.4831073968
-0.3534333520 -0.3315875975
-1.4222088941 -0.2105456224
0.2264215945 0.2206423997
-0.9835548513 -0.5449550289
-0.6367777004 -0.5119794169
-1.1940293986 -0.4393026356
-0.2215340299 -0.2161200773
-1.4357529224 -0.1933001831
0.2515896603 0.2436690918
-0.9351212634 -0.5552009947
-0.7271663824 -0.5432376897
-1.0725783620 -0.5125432562
-0.4643060132 -0.4151511195
-1.3632479331 -0.2809129536
0.1143400919 0.1135934843
-1.1700167914 -0.4564659325
-0.2698305086 -0.2600669861
-1.4382036446 -0.1901370066
0.2561179297 0.2477635417
-0.9261558964 -0.5565373285
-0.7435680243 -0.5473091836
-1.0484352133 -0.5230934435
-0.5117388674 -0.4461822083
-1.3256403106 -0.3217430830
0.0410765118 0.0410418629
-1.2656087602 -0.3802800963
-0.0778924489 -0.0776562725
-1.3759803784 -0.2663704938
0.1388583272 0.1375217691
-1.1333546340 -0.4801155899
-0.3434080093 -0.3233573311
-1.4254520970 -0.2064525585
0.2324698159 0.2262164623
-0.9721322932 -0.5478347998
-0.6583497485 -0.5207565947
-1.1669133079 -0.4585874719
-0.2760689950 -0.2656154673
-1.4378879401 -0.1905452226
0.2555350461 0.2472373617
-0.9273142048 -0.5563744374
-0.7414551811 -0.5468132355
-1.0515794176 -0.5217941322
-0.5055854670 -0.4423322108
-1.3309195894 -0.3162037290
0.0514301774 0.0513621743
-1.2533741828 -0.3912013024
-0.1023543988 -0.1018187128
-1.3917981672 -0.2478010755
0.1690890548 0.1666775869
-1.0849522157 -0.5066238155
-0.4398456186 -0.3979799733
-1.3798115437 -0.2619239190
0.1462043566 0.1446445269
-1.1219169426 -0.4868628198
-0.3662868366 -0.3419887057
-1.4175325351 -0.2164068583
0.2176773949 0.2125405736
-0.9998255259 -0.5403548182
-0.6058026881 -0.4979972489
-1.2307877741 -0.4104617598
-0.1476375258 -0.1460314306
-1.4149362686 -0.2196402591
0.2128110077 0.2080102189
-1.0087556247 -0.5375800817
-0.5886857715 -0.4895929707
-1.2499639247 -0.3941843698
-0.1091822280 -0.1085321067
-1.3957966978 -0.2430190535
0.1766884858 0.1739376504
-1.0722321322 -0.5127038851
-0.4649890627 -0.4156195325
-1.3627573689 -0.2814660062
0.1133923229 0.1126641147
-1.1713871554 -0.4555221085
-0.2670754796 -0.2576068086
-1.4382973321 -0.1900158240
0.2562908786 0.2479196166
-0.9258119688 -0.5565851377
-0.7441950154 -0.5474547251
-1.0475002434 -0.5234755069
-0.5135671988 -0.4473157633
-1.3240490629 -0.3234003601
0.0379517419 0.0379244136
-1.2692185665 -0.3769923484
-0.0706859632 -0.0705094453
-1.3708746419 -0.2722455268
0.1290454479 0.1279724588
-1.1483075669 -0.4708424429
-0.3134357592 -0.2981651198
-1.4330122804 -0.1968220888
0.2465162072 0.2390636388
-0.9450753033 -0.5535134466
-0.7088292813 -0.5380896525
-1.0988362483 -0.4995671741
-0.4122950055 -0.3777461674
-1.3960940000 -0.2426620831
0.1772528166 0.1744755852
-1.0712787194 -0.5131448029
-0.4668695749 -0.4169059606
-1.3613989845 -0.2829946116
0.1107667548 0.1100879354
-1.1751651819 -0.4528976812
-0.2594789276 -0.2507925603
-1.4384101403 -0.1898698837
0.2564991091 0.2481075010
-0.9253977323 -0.5566423822
-0.7449499629 -0.5476289764
-1.0463733011 -0.5239333965
-0.5157700305 -0.4486751564
-1.3221181484 -0.3254037037
0.0341575070 0.0341375826
-1.2735502296 -0.3730078159
-0.0620456410 -0.0619262520
-1.3644850999 -0.2795158038
0.1167292922 0.1159349340
-1.1665467906 -0.4588365617
-0.2768056669 -0.2662685902
-1.4378411905 -0.1906056530
0.2554487210 0.2471594127
-0.9274856430 -0.5563500825
-0.7411423066 -0.5467390739
-1.0520441684 -0.5216001852
-0.5046752850 -0.4417581882
-1.3316904715 -0.3153896009
0.0529402704 0.0528661006
-1.2515546222 -0.3927962498
-0.1059969535 -0.1054020542
-1.3939539157 -0.2452273171
0.1731883715 0.1705975327
-1.0781181886 -0.5099361107
-0.4533665796 -0.4075664251
-1.3708979055 -0.2722188898
0.1290902175 0.1280161123
-1.1482401935 -0.4708853753
-0.3135709388 -0.2982806411
-1.4329854254 -0.1968565184
0.2464664442 0.2390183728
-0.9451724622 -0.5534959147
-0.7086496555 -0.5380361456
-1.0990895495 -0.4994343515
-0.4117914236 -0.3773678321
-1.3963678798 -0.2423330628
0.1777726003 0.1749709081
-1.0703994886 -0.5135495864
-0.4686032467 -0.4180878114
-1.3601365374 -0.2844115531
0.1083250853 0.1076901457
-1.1786545263 -0.4504446468
-0.2524616354 -0.2444587198
-1.4383240724 -0.1899812325
0.2563402395 0.2479641575
-0.9257137889 -0.5565987389
-0.7443739703 -0.5474961282
-1.0472332247 -0.5235842586
-0.5140892290 -0.4476385425
-1.3235928275 -0.3238744704
0.0370554836 0.0370300460
-1.2702468720 -0.3760503321
-0.0686340827 -0.0684724910
-1.3693837351 -0.2739500995
0.1261751765 0.1251721428
-1.1526107992 -0.4680787127
-0.3047994782 -0.2907504012
-1.4345909599 -0.1947953778
0.2494398627 0.2417199110
-0.9393508505 -0.5545101982
-0.7193907659 -0.5411309923
-1.0838087307 -0.5071854348
-0.4421099040 -0.3996014606
-1.3783608276 -0.2636115125
0.1434244551 0.1419518204
-1.1262697399 -0.4843303668
-0.3575853759 -0.3349662072
-1.4207617810 -0.2123645173
0.2237185959 0.2181433486
-0.9886151964 -0.5435871650
-0.6271744697 -0.5078162234
-1.2057042085 -0.4304790155
-0.1980496448 -0.1941782079
-1.4313942626 -0.1988936701
0.2435162859 0.2363316158
-0.9509159198 -0.5524230235
-0.6980096378 -0.5347611665
-1.1139558894 -0.4913823868
-0.3821823754 -0.3546090395
-1.4109508445 -0.2245749233
0.2053248316 0.2010119440
-1.0223182427 -0.5330256431
-0.5625417158 -0.4758553039
-1.2776411090 -0.3692054002
-0.0538932515 -0.0538150044
-1.3581882453 -0.2865912641
0.1045540635 0.1039831148
-1.1839980330 -0.4466338764
-0.2417138129 -0.2346869919
-1.4378366502 -0.1906115216
0.2554403372 0.2471518421
-0.9275022915 -0.5563477141
-0.7411119210 -0.5467318617
-1.0520892921 -0.5215813284
-0.5045869046 -0.4417023874
-1.3317651879 -0.3153106216
0.0530866095 0.0530118230
-1.2513778182 -0.3929508240
-0.1063509527 -0.1057500768
-1.3941606660 -0.2449799361
0.1735812534 0.1709727721
-1.0774598269 -0.5102495974
-0.4546676440 -0.4084766106
-1.3700085163 -0.2732363834
0.1273782597 0.1263462860
-1.1508109740 -0.4692398129
-0.3084121111 -0.2938602310
-1.4339634422 -0.1956016355
0.2482781187 0.2406651631
-0.9416293370 -0.5541219893
-0.7151921665 -0.5399466557
-1.0898142166 -0.5042026339
-0.4302097227 -0.3910082824
-1.3857950166 -0.2549139741
0.1576469866 0.1556920738
-1.1036860803 -0.4969986554
-0.4026476498 -0.3704465979
-1.4011911915 -0.2365114935
0.1869126757 0.1836571471
-1.0547699652 -0.5204528493
-0.4993337506 -0.4383659905
-1.3361623267 -0.3106404106
0.0616912208 0.0615738656
-1.2408343213 -0.4020391099
-0.1274784191 -0.1264440113
-1.4056177197 -0.2311236269
0.1952774106 0.1915659445
-1.0401868747 -0.5263960200
-0.5278447524 -0.4560022393
-1.3112688647 -0.3365028872
0.0127905452 0.0127894990
-1.2968879919 -0.3508031820
-0.0156487064 -0.0156467904
-1.3251675296 -0.3222360803
0.0401482932 0.0401159403
-1.2666850609 -0.3793029392
-0.0757432037 -0.0755260369
-1.3744789143 -0.2681042226
0.1359753088 0.1347202013
-1.1377864641 -0.4774206300
-0.3345313224 -0.3159863419
-1.4280260388 -0.2031877691
0.2372603757 0.2306136555
-0.9629874509 -0.5499333744
-0.6755112411 -0.5271604448
-1.1444816161 -0.4732639520
-0.3211104606 -0.3046970661
-1.4313832618 -0.1989077352
0.2434958778 0.2363130080
-0.9509555377 -0.5524153733
-0.6979360975 -0.5347378114
-1.1140576917 -0.4913255076
-0.3819792744 -0.3544495176
-1.4110404741 -0.2244643295
0.2054934016 0.2011699077
-1.0220151834 -0.5331319063
-0.5631277785 -0.4761749573
-1.2770424022 -0.3697642780
-0.0550858881 -0.0550023314
-1.3591256966 -0.2855435237
0.1063689834 0.1057678020
-1.1814332169 -0.4484711898
-0.2468728478 -0.2393879970
-1.4381244123 -0.1902394769
0.2559716561 0.2476315218
-0.9264466906 -0.5564967065
-0.7430377686 -0.5471855136
-1.0492252461 -0.5227690693
-0.5101934349 -0.4452203320
-1.3269772671 -0.3203462212
0.0437004948 0.0436587733
-1.2625478746 -0.3830445405
-0.0840071882 -0.0837109344
-1.3801533630 -0.2615256044
0.1468590456 0.1452781929
-1.1208874834 -0.4874554165
-0.3683437373 -0.3436370799
-1.4167304337 -0.2174073773
0.2161748374 0.2111433835
-1.0025923542 -0.5395140973
-0.6005078667 -0.4954482620
-1.2368073977 -0.4054429487
-0.1355558323 -0.1343122930
-1.4095402760 -0.2263130920
0.2026706535 0.1985224932
-1.0270757776 -0.5313305112
-0.5533306730 -0.4707620593
-1.2869181699 -0.3604409223
-0.0354352561 -0.0354130112
-1.3429683197 -0.3033257671
0.0749793984 0.0747687334
-1.2239821716 -0.4160356732
-0.1613057952 -0.1592117887
-1.4203619058 -0.2128663170
0.2229712233 0.2174515112
-0.9900095138 -0.5432003077
-0.6245235305 -0.5066395983
-1.2088832879 -0.4280220459
-0.1916561294 -0.1881469275
-1.4298452088 -0.2008716091
0.2406410131 0.2337070397
-0.9564822906 -0.5513145841
-0.6876577231 -0.5313770836
-1.1281564482 -0.4832192044
-0.3538116180 -0.3318961361
-1.4220795712 -0.2107083567
0.2261801450 0.2204193662
-0.9840079931 -0.5448348484
-0.6359188976 -0.5116134697
-1.1950835112 -0.4385188242
-0.2194134594 -0.2141530835
-1.4354450198 -0.1936966733
0.2510201713 0.2431530794
-0.9362433725 -0.5550215035
-0.7251058460 -0.5426904082
-1.0755680461 -0.5111449116
-0.4584047141 -0.4110788195
-1.3674231539 -0.2761840995
0.1223974110 0.1214817295
-1.1582258850 -0.4644085218
-0.2935244466 -0.2809704362
-1.4362444465 -0.1926668140
0.2524985085 0.2444920982
-0.9333279863 -0.5554821876
-0.7304558634 -0.5440948952
-1.0677853238 -0.5147427490
-0.4737548641 -0.4215762048
-1.3563279576 -0.2886645766
0.1009501551 0.1004362036
-1.1890529903 -0.4429684691
-0.2315451491 -0.2253658976
-1.4369778008 -0.1917208499
0.2538539100 0.2457183379
-0.9306478885 -0.5558894749
-0.7353639354 -0.5453360802
-1.0605878684 -0.5179478081
-0.4879146619 -0.4309810483
-1.3454214385 -0.3006637310
0.0797596319 0.0795060669
-1.2177508680 -0.4210459280
-0.1738276856 -0.1712080974
-1.4247019440 -0.2074013292
0.2310720505 0.2249304863
-0.9747843003 -0.5471918289
-0.6533545521 -0.5187956554
-1.1733005507 -0.4541970575
-0.2632283641 -0.2541614615
-1.4383811818 -0.1899073501
0.2564456567 0.2480592745
-0.9255040815 -0.5566277208
-0.7447561639 -0.5475843487
-1.0466627142 -0.5238160780
-0.5152044097 -0.4483267687
-1.3226153791 -0.3248886285
0.0351348174 0.0351131334
-1.2724398936 -0.3740332599
-0.0642596399 -0.0641270118
-1.3661502155 -0.2776299602
0.1199426572 0.1190809291
-1.1618448252 -0.4620047010
-0.2862544888 -0.2746062752
-1.4370646672 -0.1916087222
0.2540144108 0.2458634531
-0.9303300703 -0.5559367436
-0.7359453064 -0.5454800939
-1.0597316863 -0.5183212631
-0.4895966594 -0.4320801214
-1.3440834638 -0.3021173320
0.0771530288 0.0769235125
-1.2211597999 -0.4183160415
-0.1669766414 -0.1646542903
-1.4224019648 -0.2103026029
0.2267820234 0.2209752649
-0.9828780060 -0.5451336941
-0.6380600473 -0.5125235060
-1.1924517627 -0.4404709529
-0.2247077939 -0.2190584734
-1.4361820758 -0.1927472128
0.2523832004 0.2443877151
-0.9335556747 -0.5554468708
-0.7300384465 -0.5439872453
-1.0683949089 -0.5144659063
-0.4725539873 -0.4207661890
-1.3572234022 -0.2876675616
0.1026852778 0.1021443829
-1.1866255673 -0.4447359528
-0.2364283093 -0.2298510576
-1.4374386011 -0.1911258590
0.2547052024 0.2464878051
-0.9289610941 -0.5561378564
-0.7384479292 -0.5460927380
-1.0560373534 -0.5199136650
-0.4968482751 -0.4367739617
-1.3382126467 -0.3084478478
0.0656982373 0.0655565030
-1.2358253984 -0.4062673599
-0.1375261874 -0.1362276885
-1.4104587951 -0.2251817468
0.2043992433 0.2001442851
-1.0239803673 -0.5324391856
-0.5593259864 -0.4740919467
-1.2809082798 -0.3661411568
-0.0473879564 -0.0473347588
-1.3529766924 -0.2923800124
0.0944499647 0.0940289934
-1.1980423813 -0.4363050345
-0.2134611718 -0.2086163593
-1.4344900608 -0.1949250744
0.2492531003 0.2415504161
-0.9397174804 -0.5544484922
-0.7187156352 -0.5409427597
-1.0847771925 -0.5067099704
-0.4401922420 -0.3982286113
-1.3795905634 -0.2621812841
0.1457810475 0.1442347113
-1.1225816901 -0.4864788765
-0.3649584293 -0.3409217559
-1.4180426931 -0.2157697674
