0.7557628633 0.5500053277
0.5651969481 0.4772992906
0.0721828441 0.0719948764
-0.8307101559 -0.5601906759
-0.8861714544 -0.5603992852
-0.8369442201 -0.5605309808
-0.8808247577 -0.5606583950
-0.8418464822 -0.5607427608
-0.8765857833 -0.5608210839
-0.8457103801 -0.5608749306
-0.8732235418 -0.5609233111
-0.8487606486 -0.5609575740
-0.8705562674 -0.5609875697
-0.8511712360 -0.5610093166
-0.8684402901 -0.5610279671
-0.8530777467 -0.5610417418
-0.8667617738 -0.5610533638
-0.8545864082 -0.5610620743
-0.8654304091 -0.5610693290
-0.8557807123 -0.5610748298
-0.8643745121 -0.5610793644
-0.8567264328 -0.5610828345
-0.8635371740 -0.5610856719
-0.8574754694 -0.5610878590
-0.8628732182 -0.5610896359
-0.8580688216 -0.5610910135
-0.8623467867 -0.5610921270
-0.8585389043 -0.5610929942
-0.8619294232 -0.5610936923
-0.8589113610 -0.5610942380
-0.8615985499 -0.5610946758
-0.8592064873 -0.5610950191
-0.8613362559 -0.5610952938
-0.8594403515 -0.5610955097
-0.8611283351 -0.5610956821
-0.8596256780 -0.5610958178
-0.8609635213 -0.5610959260
-0.8597725456 -0.5610960113
-0.8608328806 -0.5610960792
-0.8598889382 -0.5610961329
-0.8607293297 -0.5610961755
-0.8599811812 -0.5610962092
-0.8606472524 -0.5610962360
-0.8600542864 -0.5610962572
-0.8605821966 -0.5610962740
-0.8601122252 -0.5610962873
-0.8605306329 -0.5610962979
-0.8601581443 -0.5610963062
-0.8604897634 -0.5610963129
-0.8601945376 -0.5610963181
-0.8604573705 -0.5610963223
-0.8602233814 -0.5610963256
-0.8604316961 -0.5610963282
-0.8602462418 -0.5610963303
-0.8604113468 -0.5610963319
-0.8602643602 -0.5610963332
-0.8603952183 -0.5610963342
-0.8602787202 -0.5610963351
-0.8603824351 -0.5610963357
-0.8602901015 -0.5610963362
-0.8603723034 -0.5610963366
-0.8602991220 -0.5610963370
-0.8603642732 -0.5610963372
-0.8603062714 -0.5610963374
-0.8603579086 -0.5610963376
-0.8603119378 -0.5610963377
-0.8603528641 -0.5610963378
-0.8603164288 -0.5610963379
-0.8603488660 -0.5610963379
-0.8603199883 -0.5610963380
-0.8603456972 -0.5610963380
-0.8603228094 -0.5610963381
-0.8603431857 -0.5610963381
-0.8603250454 -0.5610963381
-0.8603411951 -0.5610963381
-0.8603268175 -0.5610963381
-0.8603396174 -0.5610963382
-0.8603282221 -0.5610963382
-0.8603383670 -0.5610963382
-0.8603293353 -0.5610963382
-0.8603373759 -0.5610963382
-0.8603302177 -0.5610963382
-0.8603365904 -0.5610963382
-0.8603309170 -0.5610963382
-0.8603359679 -0.5610963382
-0.8603314712 -0.5610963382
-0.8603354744 -0.5610963382
-0.8603319105 -0.5610963382
-0.8603350834 -0.5610963382
-0.8603322587 -0.5610963382
-0.8603347734 -0.5610963382
-0.8603325346 -0.5610963382
-0.8603345277 -0.5610963382
-0.8603327533 -0.5610963382
-0.8603343330 -0.5610963382
-0.8603329267 -0.5610963382
-0.8603341787 -0.5610963382
-0.8603330641 -0.5610963382
-0.8603340564 -0.5610963382
-0.8603331729 -0.5610963382
-0.8603339594 -0.5610963382
-0.8603332592 -0.5610963382
-0.8603338826 -0.5610963382
-0.8603333277 -0.5610963382
-0.8603338217 -0.5610963382
-0.8603333819 -0.5610963382
-0.8603337734 -0.5610963382
-0.8603334248 -0.5610963382
-0.8603337352 -0.5610963382
-0.8603334589 -0.5610963382
-0.8603337049 -0.5610963382
-0.8603334859 -0.5610963382
-0.8603336808 -0.5610963382
-0.8603335073 -0.5610963382
-0.8603336618 -0.5610963382
-0.8603335242 -0.5610963382
-0.8603336467 -0.5610963382
-0.8603335377 -0.5610963382
