0.7557628633 0.5500053277
0.3557838545 0.3335024425
-1.1978965637 -0.4364146050
0.2369975837 0.2303728561
-1.5133335849 -0.0869124484
1.2626693157 0.3829352692
2.9815305129 -2.9434187454
5.7747381635 5.0442425877
-1.2631681647 -0.3824860567
0.4578736794 0.4107101479
-0.8688030328 -0.5610217060
-0.8351119936 -0.5604391977
-0.9343675897 -0.5553200213
-0.6342815358 -0.5109122963
-1.4548616488 -0.1682913284
1.0843308652 0.5069293589
2.0222061520 -0.8821562402
6.3309414731 6.3237235098
5.0003718524 1.4201993339
-4.6995037900 0.0605523257
