0.7557628633 0.5500053277
0.7327274230 0.5446749796
0.7048719307 0.5368971001
0.6713238625 0.5256458319
0.6311276714 0.5095488985
0.5832818257 0.4868417926
0.5268069710 0.4553808235
0.4608563549 0.4127761294
0.3848769209 0.3567211147
0.2988190249 0.2855768075
0.2033703791 0.1991792047
0.1001555725 0.0996536551
-0.0081915945 -0.0081913196
-0.1181805227 -0.1173561906
-0.2258804952 -0.2201425173
-0.3275213813 -0.3101112014
-0.4200841723 -0.3835597922
-0.5016743202 -0.4398573183
-0.5715822175 -0.4807269985
-0.6300847299 -0.5090943398
-0.6781242967 -0.5280898246
-0.7169917785 -0.5404582928
-0.7480817599 -0.5483402410
-0.7727354502 -0.5532814745
-0.7921570365 -0.5563409343
-0.8073808956 -0.5582175396
-0.8192694151 -0.5593604446
-0.8285268252 -0.5600527569
-0.8357197896 -0.5604704052
-0.8412994500 -0.5607215708
-0.8456221893 -0.5608722563
-0.8489679178 -0.5609624940
-0.8515555398 -0.5610164570
-0.8535556975 -0.5610486927
-0.8551010877 -0.5610679333
-0.8562947084 -0.5610794102
-0.8572163931 -0.5610862527
-0.8579279541 -0.5610903307
-0.8584772107 -0.5610927604
-0.8589011341 -0.5610942077
-0.8592282938 -0.5610950696
-0.8594807592 -0.5610955829
-0.8596755733 -0.5610958886
-0.8598258948 -0.5610960705
-0.8599418813 -0.5610961788
-0.8600313731 -0.5610962433
-0.8601004210 -0.5610962817
-0.8601536946 -0.5610963046
-0.8601947970 -0.5610963182
-0.8602265087 -0.5610963263
-0.8602509751 -0.5610963311
-0.8602698514 -0.5610963340
-0.8602844148 -0.5610963357
-0.8602956506 -0.5610963367
-0.8603043192 -0.5610963373
-0.8603110071 -0.5610963377
-0.8603161669 -0.5610963379
-0.8603201477 -0.5610963380
-0.8603232190 -0.5610963381
-0.8603255884 -0.5610963381
-0.8603274165 -0.5610963382
-0.8603288269 -0.5610963382
-0.8603299150 -0.5610963382
-0.8603307545 -0.5610963382
-0.8603314022 -0.5610963382
-0.8603319019 -0.5610963382
-0.8603322874 -0.5610963382
-0.8603325848 -0.5610963382
-0.8603328142 -0.5610963382
-0.8603329913 -0.5610963382
-0.8603331279 -0.5610963382
-0.8603332332 -0.5610963382
