3.6037315398 -3.2257033234
3.5325643415 -3.2659942060
3.4903968413 -3.2802124124
3.4650822736 -3.2853551191
3.4497484322 -3.2872464651
3.4404063942 -3.2879495343
3.4346940361 -3.2882126517
3.4311931619 -3.2883115349
3.4290445909 -3.2883487933
3.4277248120 -3.2883628545
3.4269136904 -3.2883681665
3.4264150190 -3.2883701744
3.4261083770 -3.2883709337
3.4259197937 -3.2883712208
3.4258038070 -3.2883713295
3.4257324668 -3.2883713706
3.4256885863 -3.2883713861
3.4256615953 -3.2883713920
3.4256449929 -3.2883713942
3.4256347806 -3.2883713951
3.4256284989 -3.2883713954
3.4256246349 -3.2883713955
3.4256222581 -3.2883713956
3.4256207961 -3.2883713956
3.4256198968 -3.2883713956
3.4256193436 -3.2883713956
3.4256190033 -3.2883713956
3.4256187940 -3.2883713956
3.4256186652 -3.2883713956
