0 0.7557628633 2.1064439007 0.5500053277
1 0.7536687324 2.1064439007 0.5495625782
2 0.7515343952 2.1064439007 0.5491026723
3 0.7493591554 2.1064439007 0.5486249786
4 0.7471423076 2.1064439007 0.5481288447
5 0.7448831382 2.1064439007 0.5476135962
6 0.7425809247 2.1064439007 0.5470785368
7 0.7402349363 2.1064439007 0.5465229474
8 0.7378444339 2.1064439007 0.5459460853
9 0.7354086699 2.1064439007 0.5453471842
10 0.7329268886 2.1064439007 0.5447254532
11 0.7303983264 2.1064439007 0.5440800762
12 0.7278222115 2.1064439007 0.5434102115
13 0.7251977647 2.1064439007 0.5427149912
14 0.7225241988 2.1064439007 0.5419935206
15 0.7198007197 2.1064439007 0.5412448777
16 0.7170265256 2.1064439007 0.5404681124
17 0.7142008081 2.1064439007 0.5396622464
18 0.7113227519 2.1064439007 0.5388262721
19 0.7083915353 2.1064439007 0.5379591526
20 0.7054063302 2.1064439007 0.5370598208
21 0.7023663027 2.1064439007 0.5361271792
22 0.6992706134 2.1064439007 0.5351600991
23 0.6961184175 2.1064439007 0.5341574204
24 0.6929088654 2.1064439007 0.5331179513
25 0.6896411028 2.1064439007 0.5320404675
26 0.6863142715 2.1064439007 0.5309237121
27 0.6829275094 2.1064439007 0.5297663952
28 0.6794799514 2.1064439007 0.5285671936
29 0.6759707296 2.1064439007 0.5273247507
30 0.6723989736 2.1064439007 0.5260376758
31 0.6687638118 2.1064439007 0.5247045446
32 0.6650643709 2.1064439007 0.5233238988
33 0.6612997776 2.1064439007 0.5218942458
34 0.6574691584 2.1064439007 0.5204140591
35 0.6535716406 2.1064439007 0.5188817781
36 0.6496063531 2.1064439007 0.5172958086
37 0.6455724267 2.1064439007 0.5156545226
38 0.6414689955 2.1064439007 0.5139562589
39 0.6372951971 2.1064439007 0.5121993234
40 0.6330501737 2.1064439007 0.5103819895
41 0.6287330730 2.1064439007 0.5085024990
42 0.6243430489 2.1064439007 0.5065590625
43 0.6198792627 2.1064439007 0.5045498601
44 0.6153408840 2.1064439007 0.5024730429
45 0.6107270915 2.1064439007 0.5003267333
46 0.6060370743 2.1064439007 0.4981090268
47 0.6012700329 2.1064439007 0.4958179928
48 0.5964251803 2.1064439007 0.4934516763
49 0.5915017433 2.1064439007 0.4910080998
50 0.5864989636 2.1064439007 0.4884852643
51 0.5814160989 2.1064439007 0.4858811518
52 0.5762524245 2.1064439007 0.4831937272
53 0.5710072344 2.1064439007 0.4804209407
54 0.5656798428 2.1064439007 0.4775607297
55 0.5602695855 2.1064439007 0.4746110219
56 0.5547758210 2.1064439007 0.4715697381
57 0.5491979324 2.1064439007 0.4684347947
58 0.5435353289 2.1064439007 0.4652041074
59 0.5377874468 2.1064439007 0.4618755942
60 0.5319537518 2.1064439007 0.4584471789
61 0.5260337400 2.1064439007 0.4549167955
62 0.5200269401 2.1064439007 0.4512823913
63 0.5139329143 2.1064439007 0.4475419316
64 0.5077512607 2.1064439007 0.4436934040
65 0.5014816148 2.1064439007 0.4397348229
66 0.4951236508 2.1064439007 0.4356642343
67 0.4886770839 2.1064439007 0.4314797206
68 0.4821416718 2.1064439007 0.4271794063
69 0.4755172164 2.1064439007 0.4227614628
70 0.4688035658 2.1064439007 0.4182241140
71 0.4620006156 2.1064439007 0.4135656424
72 0.4551083112 2.1064439007 0.4087843946
73 0.4481266492 2.1064439007 0.4038787874
74 0.4410556794 2.1064439007 0.3988473141
75 0.4338955062 2.1064439007 0.3936885506
76 0.4266462905 2.1064439007 0.3884011619
77 0.4193082514 2.1064439007 0.3829839086
78 0.4118816679 2.1064439007 0.3774356536
79 0.4043668801 2.1064439007 0.3717553682
80 0.3967642914 2.1064439007 0.3659421393
81 0.3890743694 2.1064439007 0.3599951758
82 0.3812976477 2.1064439007 0.3539138152
83 0.3734347272 2.1064439007 0.3476975304
84 0.3654862773 2.1064439007 0.3413459359
85 0.3574530373 2.1064439007 0.3348587941
86 0.3493358174 2.1064439007 0.3282360222
87 0.3411354999 2.1064439007 0.3214776975
88 0.3328530400 2.1064439007 0.3145840637
89 0.3244894669 2.1064439007 0.3075555364
90 0.3160458840 2.1064439007 0.3003927087
91 0.3075234702 2.1064439007 0.2930963558
92 0.2989234800 2.1064439007 0.2856674400
93 0.2902472439 2.1064439007 0.2781071149
94 0.2814961685 2.1064439007 0.2704167293
95 0.2726717369 2.1064439007 0.2625978309
96 0.2637755085 2.1064439007 0.2546521686
97 0.2548091185 2.1064439007 0.2465816957
98 0.2457742779 2.1064439007 0.2383885711
99 0.2366727726 2.1064439007 0.2300751611
100 0.2275064631 2.1064439007 0.2216440396
101 0.2182772831 2.1064439007 0.2130979886
102 0.2089872390 2.1064439007 0.2044399971
103 0.1996384080 2.1064439007 0.1956732600
104 0.1902329372 2.1064439007 0.1868011762
105 0.1807730420 2.1064439007 0.1778273456
106 0.1712610040 2.1064439007 0.1687555657
107 0.1616991692 2.1064439007 0.1595898277
108 0.1520899460 2.1064439007 0.1503343111
109 0.1424358028 2.1064439007 0.1409933781
110 0.1327392654 2.1064439007 0.1315715676
111 0.1230029149 2.1064439007 0.1220735878
112 0.1132293841 2.1064439007 0.1125043083
113 0.1034213552 2.1064439007 0.1028687518
114 0.0935815567 2.1064439007 0.0931720850
115 0.0837127596 2.1064439007 0.0834196086
116 0.0738177747 2.1064439007 0.0736167471
117 0.0638994488 2.1064439007 0.0637690380
118 0.0539606612 2.1064439007 0.0538821202
119 0.0440043198 2.1064439007 0.0439617221
120 0.0340333577 2.1064439007 0.0340136497
121 0.0240507289 2.1064439007 0.0240437733
122 0.0140594048 2.1064439007 0.0140580153
123 0.0040623697 2.1064439007 0.0040623362
124 -0.0059373827 2.1064439007 -0.0059372781
125 -0.0159368540 2.1064439007 -0.0159348302
126 -0.0259330443 2.1064439007 -0.0259243246
127 -0.0359229574 2.1064439007 -0.0358997814
128 -0.0459036040 2.1064439007 -0.0458552498
129 -0.0558720062 2.1064439007 -0.0557848216
130 -0.0658252012 2.1064439007 -0.0656826438
131 -0.0757602460 2.1064439007 -0.0755429327
132 -0.0856742204 2.1064439007 -0.0853599852
133 -0.0955642315 2.1064439007 -0.0951281923
134 -0.1054274174 2.1064439007 -0.1048420501
135 -0.1152609505 2.1064439007 -0.1144961719
136 -0.1250620417 2.1064439007 -0.1240852984
137 -0.1348279432 2.1064439007 -0.1336043087
138 -0.1445559525 2.1064439007 -0.1430482295
139 -0.1542434150 2.1064439007 -0.1524122448
140 -0.1638877274 2.1064439007 -0.1616917037
141 -0.1734863406 2.1064439007 -0.1708821287
142 -0.1830367625 2.1064439007 -0.1799792225
143 -0.1925365604 2.1064439007 -0.1889788745
144 -0.2019833635 2.1064439007 -0.1978771663
145 -0.2113748652 2.1064439007 -0.2066703765
146 -0.2207088254 2.1064439007 -0.2153549849
147 -0.2299830719 2.1064439007 -0.2239276761
148 -0.2391955027 2.1064439007 -0.2323853416
149 -0.2483440869 2.1064439007 -0.2407250822
150 -0.2574268669 2.1064439007 -0.2489442090
151 -0.2664419588 2.1064439007 -0.2570402440
152 -0.2753875538 2.1064439007 -0.2650109195
153 -0.2842619191 2.1064439007 -0.2728541779
154 -0.2930633983 2.1064439007 -0.2805681700
155 -0.3017904121 2.1064439007 -0.2881512525
156 -0.3104414584 2.1064439007 -0.2956019862
157 -0.3190151130 2.1064439007 -0.3029191321
158 -0.3275100287 2.1064439007 -0.3101016484
159 -0.3359249362 2.1064439007 -0.3171486857
160 -0.3442586428 2.1064439007 -0.3240595831
161 -0.3525100328 2.1064439007 -0.3308338630
162 -0.3606780665 2.1064439007 -0.3374712257
163 -0.3687617794 2.1064439007 -0.3439715440
164 -0.3767602819 2.1064439007 -0.3503348574
165 -0.3846727579 2.1064439007 -0.3565613658
166 -0.3924984637 2.1064439007 -0.3626514232
167 -0.4002367275 2.1064439007 -0.3686055315
168 -0.4078869475 2.1064439007 -0.3744243335
169 -0.4154485908 2.1064439007 -0.3801086065
170 -0.4229211922 2.1064439007 -0.3856592552
171 -0.4303043526 2.1064439007 -0.3910773052
172 -0.4375977374 2.1064439007 -0.3963638960
173 -0.4448010750 2.1064439007 -0.4015202741
174 -0.4519141551 2.1064439007 -0.4065477864
175 -0.4589368274 2.1064439007 -0.4114478731
176 -0.4658689991 2.1064439007 -0.4162220616
177 -0.4727106340 2.1064439007 -0.4208719594
178 -0.4794617503 2.1064439007 -0.4253992480
179 -0.4861224186 2.1064439007 -0.4298056765
180 -0.4926927607 2.1064439007 -0.4340930556
181 -0.4991729473 2.1064439007 -0.4382632512
182 -0.5055631963 2.1064439007 -0.4423181793
183 -0.5118637710 2.1064439007 -0.4462597996
184 -0.5180749783 2.1064439007 -0.4500901107
185 -0.5241971670 2.1064439007 -0.4538111444
186 -0.5302307257 2.1064439007 -0.4574249611
187 -0.5361760812 2.1064439007 -0.4609336445
188 -0.5420336968 2.1064439007 -0.4643392977
189 -0.5478040706 2.1064439007 -0.4676440378
190 -0.5534877334 2.1064439007 -0.4708499928
191 -0.5590852475 2.1064439007 -0.4739592969
192 -0.5645972048 2.1064439007 -0.4769740870
193 -0.5700242250 2.1064439007 -0.4798964990
194 -0.5753669543 2.1064439007 -0.4827286650
195 -0.5806260639 2.1064439007 -0.4854727092
196 -0.5858022480 2.1064439007 -0.4881307460
197 -0.5908962227 2.1064439007 -0.4907048767
198 -0.5959087245 2.1064439007 -0.4931971870
199 -0.6008405088 2.1064439007 -0.4956097446
200 -0.6056923486 2.1064439007 -0.4979445974
201 -0.6104650331 2.1064439007 -0.5002037709
202 -0.6151593664 2.1064439007 -0.5023892671
203 -0.6197761662 2.1064439007 -0.5045030622
204 -0.6243162628 2.1064439007 -0.5065471051
205 -0.6287804978 2.1064439007 -0.5085233167
206 -0.6331697229 2.1064439007 -0.5104335880
207 -0.6374847988 2.1064439007 -0.5122797791
208 -0.6417265943 2.1064439007 -0.5140637187
209 -0.6458959853 2.1064439007 -0.5157872027
210 -0.6499938536 2.1064439007 -0.5174519938
211 -0.6540210862 2.1064439007 -0.5190598209
212 -0.6579785741 2.1064439007 -0.5206123786
213 -0.6618672121 2.1064439007 -0.5221113265
214 -0.6656878970 2.1064439007 -0.5235582893
215 -0.6694415278 2.1064439007 -0.5249548563
216 -0.6731290042 2.1064439007 -0.5263025815
217 -0.6767512265 2.1064439007 -0.5276029832
218 -0.6803090945 2.1064439007 -0.5288575444
219 -0.6838035067 2.1064439007 -0.5300677126
220 -0.6872353604 2.1064439007 -0.5312348999
221 -0.6906055505 2.1064439007 -0.5323604835
222 -0.6939149690 2.1064439007 -0.5334458054
223 -0.6971645049 2.1064439007 -0.5344921733
224 -0.7003550432 2.1064439007 -0.5355008606
225 -0.7034874648 2.1064439007 -0.5364731067
226 -0.7065626457 2.1064439007 -0.5374101175
227 -0.7095814570 2.1064439007 -0.5383130661
228 -0.7125447644 2.1064439007 -0.5391830927
229 -0.7154534276 2.1064439007 -0.5400213056
230 -0.7183083001 2.1064439007 -0.5408287814
231 -0.7211102291 2.1064439007 -0.5416065658
232 -0.7238600547 2.1064439007 -0.5423556738
233 -0.7265586103 2.1064439007 -0.5430770906
234 -0.7292067218 2.1064439007 -0.5437717720
235 -0.7318052075 2.1064439007 -0.5444406451
236 -0.7343548780 2.1064439007 -0.5450846087
237 -0.7368565361 2.1064439007 -0.5457045341
238 -0.7393109761 2.1064439007 -0.5463012656
239 -0.7417189844 2.1064439007 -0.5468756212
240 -0.7440813386 2.1064439007 -0.5474283931
241 -0.7463988080 2.1064439007 -0.5479603485
242 -0.7486721529 2.1064439007 -0.5484722298
243 -0.7509021250 2.1064439007 -0.5489647557
244 -0.7530894672 2.1064439007 -0.5494386217
245 -0.7552349130 2.1064439007 -0.5498945002
246 -0.7573391872 2.1064439007 -0.5503330420
247 -0.7594030053 2.1064439007 -0.5507548759
248 -0.7614270739 2.1064439007 -0.5511606102
249 -0.7634120900 2.1064439007 -0.5515508324
250 -0.7653587416 2.1064439007 -0.5519261106
251 -0.7672677075 2.1064439007 -0.5522869935
252 -0.7691396571 2.1064439007 -0.5526340111
253 -0.7709752507 2.1064439007 -0.5529676753
254 -0.7727751391 2.1064439007 -0.5532884804
255 -0.7745399642 2.1064439007 -0.5535969037
256 -0.7762703582 2.1064439007 -0.5538934057
257 -0.7779669446 2.1064439007 -0.5541784311
258 -0.7796303374 2.1064439007 -0.5544524089
259 -0.7812611416 2.1064439007 -0.5547157530
260 -0.7828599530 2.1064439007 -0.5549688627
261 -0.7844273585 2.1064439007 -0.5552121232
262 -0.7859639360 2.1064439007 -0.5554459060
263 -0.7874702543 2.1064439007 -0.5556705691
264 -0.7889468735 2.1064439007 -0.5558864579
265 -0.7903943449 2.1064439007 -0.5560939053
266 -0.7918132108 2.1064439007 -0.5562932323
267 -0.7932040051 2.1064439007 -0.5564847479
268 -0.7945672530 2.1064439007 -0.5566687503
269 -0.7959034712 2.1064439007 -0.5568455266
270 -0.7972131680 2.1064439007 -0.5570153535
271 -0.7984968432 2.1064439007 -0.5571784973
272 -0.7997549885 2.1064439007 -0.5573352149
273 -0.8009880872 2.1064439007 -0.5574857535
274 -0.8021966147 2.1064439007 -0.5576303511
275 -0.8033810383 2.1064439007 -0.5577692369
276 -0.8045418173 2.1064439007 -0.5579026318
277 -0.8056794033 2.1064439007 -0.5580307482
278 -0.8067942401 2.1064439007 -0.5581537907
279 -0.8078867638 2.1064439007 -0.5582719562
280 -0.8089574029 2.1064439007 -0.5583854342
281 -0.8100065787 2.1064439007 -0.5584944071
282 -0.8110347049 2.1064439007 -0.5585990504
283 -0.8120421879 2.1064439007 -0.5586995330
284 -0.8130294272 2.1064439007 -0.5587960173
285 -0.8139968149 2.1064439007 -0.5588886598
286 -0.8149447364 2.1064439007 -0.5589776107
287 -0.8158735699 2.1064439007 -0.5590630147
288 -0.8167836871 2.1064439007 -0.5591450111
289 -0.8176754530 2.1064439007 -0.5592237335
290 -0.8185492257 2.1064439007 -0.5592993107
291 -0.8194053572 2.1064439007 -0.5593718666
292 -0.8202441929 2.1064439007 -0.5594415200
293 -0.8210660719 2.1064439007 -0.5595083854
294 -0.8218713270 2.1064439007 -0.5595725729
295 -0.8226602851 2.1064439007 -0.5596341882
296 -0.8234332670 2.1064439007 -0.5596933330
297 -0.8241905874 2.1064439007 -0.5597501052
298 -0.8249325554 2.1064439007 -0.5598045986
299 -0.8256594742 2.1064439007 -0.5598569036
300 -0.8263716414 2.1064439007 -0.5599071069
301 -0.8270693491 2.1064439007 -0.5599552922
302 -0.8277528839 2.1064439007 -0.5600015394
303 -0.8284225269 2.1064439007 -0.5600459257
304 -0.8290785540 2.1064439007 -0.5600885252
305 -0.8297212360 2.1064439007 -0.5601294089
306 -0.8303508383 2.1064439007 -0.5601686453
307 -0.8309676216 2.1064439007 -0.5602063000
308 -0.8315718413 2.1064439007 -0.5602424362
309 -0.8321637483 2.1064439007 -0.5602771145
310 -0.8327435884 2.1064439007 -0.5603103931
311 -0.8333116028 2.1064439007 -0.5603423281
312 -0.8338680283 2.1064439007 -0.5603729731
313 -0.8344130968 2.1064439007 -0.5604023797
314 -0.8349470359 2.1064439007 -0.5604305977
315 -0.8354700689 2.1064439007 -0.5604576746
316 -0.8359824147 2.1064439007 -0.5604836561
317 -0.8364842879 2.1064439007 -0.5605085863
318 -0.8369758992 2.1064439007 -0.5605325073
319 -0.8374574548 2.1064439007 -0.5605554597
320 -0.8379291573 2.1064439007 -0.5605774823
321 -0.8383912051 2.1064439007 -0.5605986126
322 -0.8388437929 2.1064439007 -0.5606188864
323 -0.8392871114 2.1064439007 -0.5606383382
324 -0.8397213479 2.1064439007 -0.5606570012
325 -0.8401466856 2.1064439007 -0.5606749070
326 -0.8405633045 2.1064439007 -0.5606920862
327 -0.8409713809 2.1064439007 -0.5607085680
328 -0.8413710876 2.1064439007 -0.5607243807
329 -0.8417625941 2.1064439007 -0.5607395512
330 -0.8421460664 2.1064439007 -0.5607541053
331 -0.8425216674 2.1064439007 -0.5607680681
332 -0.8428895567 2.1064439007 -0.5607814634
333 -0.8432498908 2.1064439007 -0.5607943141
334 -0.8436028230 2.1064439007 -0.5608066423
335 -0.8439485037 2.1064439007 -0.5608184690
336 -0.8442870803 2.1064439007 -0.5608298146
337 -0.8446186970 2.1064439007 -0.5608406985
338 -0.8449434956 2.1064439007 -0.5608511395
339 -0.8452616147 2.1064439007 -0.5608611554
340 -0.8455731903 2.1064439007 -0.5608707634
341 -0.8458783556 2.1064439007 -0.5608799802
342 -0.8461772413 2.1064439007 -0.5608888216
343 -0.8464699754 2.1064439007 -0.5608973027
344 -0.8467566833 2.1064439007 -0.5609054382
345 -0.8470374879 2.1064439007 -0.5609132421
346 -0.8473125097 2.1064439007 -0.5609207279
347 -0.8475818668 2.1064439007 -0.5609279085
348 -0.8478456748 2.1064439007 -0.5609347963
349 -0.8481040471 2.1064439007 -0.5609414031
350 -0.8483570949 2.1064439007 -0.5609477405
351 -0.8486049269 2.1064439007 -0.5609538192
352 -0.8488476498 2.1064439007 -0.5609596499
353 -0.8490853682 2.1064439007 -0.5609652427
354 -0.8493181844 2.1064439007 -0.5609706071
355 -0.8495461989 2.1064439007 -0.5609757526
356 -0.8497695099 2.1064439007 -0.5609806879
357 -0.8499882139 2.1064439007 -0.5609854217
358 -0.8502024051 2.1064439007 -0.5609899621
359 -0.8504121761 2.1064439007 -0.5609943171
360 -0.8506176175 2.1064439007 -0.5609984942
361 -0.8508188182 2.1064439007 -0.5610025006
362 -0.8510158650 2.1064439007 -0.5610063432
363 -0.8512088433 2.1064439007 -0.5610100288
364 -0.8513978364 2.1064439007 -0.5610135638
365 -0.8515829264 2.1064439007 -0.5610169542
366 -0.8517641932 2.1064439007 -0.5610202061
367 -0.8519417154 2.1064439007 -0.5610233249
368 -0.8521155700 2.1064439007 -0.5610263162
369 -0.8522858323 2.1064439007 -0.5610291852
370 -0.8524525761 2.1064439007 -0.5610319368
371 -0.8526158738 2.1064439007 -0.5610345759
372 -0.8527757963 2.1064439007 -0.5610371070
373 -0.8529324129 2.1064439007 -0.5610395345
374 -0.8530857917 2.1064439007 -0.5610418627
375 -0.8532359992 2.1064439007 -0.5610440956
376 -0.8533831009 2.1064439007 -0.5610462371
377 -0.8535271605 2.1064439007 -0.5610482910
378 -0.8536682407 2.1064439007 -0.5610502607
379 -0.8538064030 2.1064439007 -0.5610521499
380 -0.8539417072 2.1064439007 -0.5610539617
381 -0.8540742124 2.1064439007 -0.5610556993
382 -0.8542039763 2.1064439007 -0.5610573657
383 -0.8543310552 2.1064439007 -0.5610589639
384 -0.8544555045 2.1064439007 -0.5610604967
385 -0.8545773785 2.1064439007 -0.5610619666
386 -0.8546967303 2.1064439007 -0.5610633764
387 -0.8548136117 2.1064439007 -0.5610647283
388 -0.8549280739 2.1064439007 -0.5610660249
389 -0.8550401666 2.1064439007 -0.5610672684
390 -0.8551499389 2.1064439007 -0.5610684609
391 -0.8552574384 2.1064439007 -0.5610696046
392 -0.8553627123 2.1064439007 -0.5610707014
393 -0.8554658062 2.1064439007 -0.5610717532
394 -0.8555667654 2.1064439007 -0.5610727619
395 -0.8556656338 2.1064439007 -0.5610737293
396 -0.8557624547 2.1064439007 -0.5610746570
397 -0.8558572702 2.1064439007 -0.5610755467
398 -0.8559501218 2.1064439007 -0.5610763999
399 -0.8560410501 2.1064439007 -0.5610772182
400 -0.8561300948 2.1064439007 -0.5610780028
401 -0.8562172948 2.1064439007 -0.5610787553
402 -0.8563026882 2.1064439007 -0.5610794770
403 -0.8563863124 2.1064439007 -0.5610801690
404 -0.8564682039 2.1064439007 -0.5610808327
405 -0.8565483985 2.1064439007 -0.5610814692
406 -0.8566269314 2.1064439007 -0.5610820795
407 -0.8567038368 2.1064439007 -0.5610826648
408 -0.8567791484 2.1064439007 -0.5610832261
409 -0.8568528991 2.1064439007 -0.5610837644
410 -0.8569251213 2.1064439007 -0.5610842806
411 -0.8569958466 2.1064439007 -0.5610847757
412 -0.8570651059 2.1064439007 -0.5610852504
413 -0.8571329295 2.1064439007 -0.5610857056
414 -0.8571993471 2.1064439007 -0.5610861422
415 -0.8572643878 2.1064439007 -0.5610865608
416 -0.8573280802 2.1064439007 -0.5610869623
417 -0.8573904520 2.1064439007 -0.5610873473
418 -0.8574515307 2.1064439007 -0.5610877165
419 -0.8575113430 2.1064439007 -0.5610880705
420 -0.8575699151 2.1064439007 -0.5610884100
421 -0.8576272726 2.1064439007 -0.5610887356
422 -0.8576834408 2.1064439007 -0.5610890478
423 -0.8577384442 2.1064439007 -0.5610893472
424 -0.8577923070 2.1064439007 -0.5610896343
425 -0.8578450527 2.1064439007 -0.5610899096
426 -0.8578967045 2.1064439007 -0.5610901737
427 -0.8579472851 2.1064439007 -0.5610904269
428 -0.8579968165 2.1064439007 -0.5610906696
429 -0.8580453207 2.1064439007 -0.5610909025
430 -0.8580928187 2.1064439007 -0.5610911257
431 -0.8581393316 2.1064439007 -0.5610913398
432 -0.8581848796 2.1064439007 -0.5610915451
433 -0.8582294828 2.1064439007 -0.5610917420
434 -0.8582731607 2.1064439007 -0.5610919308
435 -0.8583159325 2.1064439007 -0.5610921119
436 -0.8583578170 2.1064439007 -0.5610922855
437 -0.8583988326 2.1064439007 -0.5610924520
438 -0.8584389972 2.1064439007 -0.5610926116
439 -0.8584783285 2.1064439007 -0.5610927647
440 -0.8585168438 2.1064439007 -0.5610929115
441 -0.8585545600 2.1064439007 -0.5610930523
442 -0.8585914936 2.1064439007 -0.5610931873
443 -0.8586276609 2.1064439007 -0.5610933167
444 -0.8586630777 2.1064439007 -0.5610934409
445 -0.8586977596 2.1064439007 -0.5610935599
446 -0.8587317218 2.1064439007 -0.5610936740
447 -0.8587649793 2.1064439007 -0.5610937835
448 -0.8587975467 2.1064439007 -0.5610938885
449 -0.8588294382 2.1064439007 -0.5610939891
450 -0.8588606679 2.1064439007 -0.5610940856
451 -0.8588912495 2.1064439007 -0.5610941782
452 -0.8589211964 2.1064439007 -0.5610942669
453 -0.8589505219 2.1064439007 -0.5610943520
454 -0.8589792387 2.1064439007 -0.5610944336
455 -0.8590073595 2.1064439007 -0.5610945119
456 -0.8590348967 2.1064439007 -0.5610945869
457 -0.8590618623 2.1064439007 -0.5610946589
458 -0.8590882683 2.1064439007 -0.5610947279
459 -0.8591141261 2.1064439007 -0.5610947941
460 -0.8591394473 2.1064439007 -0.5610948575
461 -0.8591642429 2.1064439007 -0.5610949184
462 -0.8591885238 2.1064439007 -0.5610949767
463 -0.8592123008 2.1064439007 -0.5610950327
464 -0.8592355841 2.1064439007 -0.5610950863
465 -0.8592583842 2.1064439007 -0.5610951378
466 -0.8592807110 2.1064439007 -0.5610951871
467 -0.8593025743 2.1064439007 -0.5610952344
468 -0.8593239838 2.1064439007 -0.5610952798
469 -0.8593449488 2.1064439007 -0.5610953233
470 -0.8593654786 2.1064439007 -0.5610953650
471 -0.8593855823 2.1064439007 -0.5610954050
472 -0.8594052686 2.1064439007 -0.5610954433
473 -0.8594245462 2.1064439007 -0.5610954801
474 -0.8594434236 2.1064439007 -0.5610955154
475 -0.8594619091 2.1064439007 -0.5610955492
476 -0.8594800108 2.1064439007 -0.5610955816
477 -0.8594977367 2.1064439007 -0.5610956127
478 -0.8595150946 2.1064439007 -0.5610956425
479 -0.8595320921 2.1064439007 -0.5610956711
480 -0.8595487368 2.1064439007 -0.5610956985
481 -0.8595650358 2.1064439007 -0.5610957248
482 -0.8595809965 2.1064439007 -0.5610957500
483 -0.8595966258 2.1064439007 -0.5610957742
484 -0.8596119305 2.1064439007 -0.5610957974
485 -0.8596269176 2.1064439007 -0.5610958196
486 -0.8596415934 2.1064439007 -0.5610958409
487 -0.8596559645 2.1064439007 -0.5610958614
488 -0.8596700373 2.1064439007 -0.5610958810
489 -0.8596838178 2.1064439007 -0.5610958997
490 -0.8596973122 2.1064439007 -0.5610959178
491 -0.8597105264 2.1064439007 -0.5610959350
492 -0.8597234662 2.1064439007 -0.5610959516
493 -0.8597361374 2.1064439007 -0.5610959675
494 -0.8597485454 2.1064439007 -0.5610959827
495 -0.8597606958 2.1064439007 -0.5610959974
496 -0.8597725939 2.1064439007 -0.5610960114
497 -0.8597842449 2.1064439007 -0.5610960248
498 -0.8597956540 2.1064439007 -0.5610960377
499 -0.8598068262 2.1064439007 -0.5610960500
500 -0.8598177664 2.1064439007 -0.5610960619
501 -0.8598284794 2.1064439007 -0.5610960732
502 -0.8598389700 2.1064439007 -0.5610960841
503 -0.8598492427 2.1064439007 -0.5610960946
504 -0.8598593021 2.1064439007 -0.5610961046
505 -0.8598691526 2.1064439007 -0.5610961142
506 -0.8598787985 2.1064439007 -0.5610961234
507 -0.8598882442 2.1064439007 -0.5610961322
508 -0.8598974936 2.1064439007 -0.5610961407
509 -0.8599065510 2.1064439007 -0.5610961488
510 -0.8599154204 2.1064439007 -0.5610961566
511 -0.8599241055 2.1064439007 -0.5610961641
512 -0.8599326102 2.1064439007 -0.5610961712
513 -0.8599409384 2.1064439007 -0.5610961781
514 -0.8599490936 2.1064439007 -0.5610961847
515 -0.8599570794 2.1064439007 -0.5610961910
516 -0.8599648994 2.1064439007 -0.5610961970
517 -0.8599725570 2.1064439007 -0.5610962028
518 -0.8599800556 2.1064439007 -0.5610962084
519 -0.8599873984 2.1064439007 -0.5610962137
520 -0.8599945888 2.1064439007 -0.5610962188
521 -0.8600016298 2.1064439007 -0.5610962237
522 -0.8600085246 2.1064439007 -0.5610962285
523 -0.8600152762 2.1064439007 -0.5610962330
524 -0.8600218876 2.1064439007 -0.5610962373
525 -0.8600283617 2.1064439007 -0.5610962414
526 -0.8600347013 2.1064439007 -0.5610962454
527 -0.8600409092 2.1064439007 -0.5610962492
528 -0.8600469883 2.1064439007 -0.5610962529
529 -0.8600529411 2.1064439007 -0.5610962564
530 -0.8600587702 2.1064439007 -0.5610962598
531 -0.8600644783 2.1064439007 -0.5610962630
532 -0.8600700678 2.1064439007 -0.5610962661
533 -0.8600755413 2.1064439007 -0.5610962690
534 -0.8600809011 2.1064439007 -0.5610962719
535 -0.8600861495 2.1064439007 -0.5610962746
536 -0.8600912890 2.1064439007 -0.5610962772
537 -0.8600963217 2.1064439007 -0.5610962797
538 -0.8601012499 2.1064439007 -0.5610962821
539 -0.8601060757 2.1064439007 -0.5610962844
540 -0.8601108013 2.1064439007 -0.5610962866
541 -0.8601154288 2.1064439007 -0.5610962888
542 -0.8601199601 2.1064439007 -0.5610962908
543 -0.8601243974 2.1064439007 -0.5610962927
544 -0.8601287425 2.1064439007 -0.5610962946
545 -0.8601329973 2.1064439007 -0.5610962964
546 -0.8601371638 2.1064439007 -0.5610962981
547 -0.8601412437 2.1064439007 -0.5610962998
548 -0.8601452389 2.1064439007 -0.5610963013
549 -0.8601491511 2.1064439007 -0.5610963029
550 -0.8601529820 2.1064439007 -0.5610963043
551 -0.8601567334 2.1064439007 -0.5610963057
552 -0.8601604069 2.1064439007 -0.5610963070
553 -0.8601640041 2.1064439007 -0.5610963083
554 -0.8601675265 2.1064439007 -0.5610963096
555 -0.8601709758 2.1064439007 -0.5610963107
556 -0.8601743535 2.1064439007 -0.5610963119
557 -0.8601776610 2.1064439007 -0.5610963129
558 -0.8601808998 2.1064439007 -0.5610963140
559 -0.8601840713 2.1064439007 -0.5610963150
560 -0.8601871770 2.1064439007 -0.5610963159
561 -0.8601902181 2.1064439007 -0.5610963168
562 -0.8601931961 2.1064439007 -0.5610963177
563 -0.8601961123 2.1064439007 -0.5610963186
564 -0.8601989678 2.1064439007 -0.5610963194
565 -0.8602017641 2.1064439007 -0.5610963201
566 -0.8602045023 2.1064439007 -0.5610963209
567 -0.8602071836 2.1064439007 -0.5610963216
568 -0.8602098092 2.1064439007 -0.5610963223
569 -0.8602123802 2.1064439007 -0.5610963229
570 -0.8602148979 2.1064439007 -0.5610963236
571 -0.8602173633 2.1064439007 -0.5610963242
572 -0.8602197775 2.1064439007 -0.5610963247
573 -0.8602221415 2.1064439007 -0.5610963253
574 -0.8602244564 2.1064439007 -0.5610963258
575 -0.8602267233 2.1064439007 -0.5610963263
576 -0.8602289430 2.1064439007 -0.5610963268
577 -0.8602311167 2.1064439007 -0.5610963273
578 -0.8602332452 2.1064439007 -0.5610963277
579 -0.8602353295 2.1064439007 -0.5610963282
580 -0.8602373705 2.1064439007 -0.5610963286
581 -0.8602393691 2.1064439007 -0.5610963290
582 -0.8602413262 2.1064439007 -0.5610963294
583 -0.8602432426 2.1064439007 -0.5610963297
584 -0.8602451193 2.1064439007 -0.5610963301
585 -0.8602469569 2.1064439007 -0.5610963304
586 -0.8602487564 2.1064439007 -0.5610963307
587 -0.8602505185 2.1064439007 -0.5610963310
588 -0.8602522440 2.1064439007 -0.5610963313
589 -0.8602539337 2.1064439007 -0.5610963316
590 -0.8602555883 2.1064439007 -0.5610963319
591 -0.8602572085 2.1064439007 -0.5610963321
592 -0.8602587950 2.1064439007 -0.5610963324
593 -0.8602603486 2.1064439007 -0.5610963326
594 -0.8602618699 2.1064439007 -0.5610963328
595 -0.8602633597 2.1064439007 -0.5610963331
596 -0.8602648185 2.1064439007 -0.5610963333
597 -0.8602662469 2.1064439007 -0.5610963335
598 -0.8602676457 2.1064439007 -0.5610963337
599 -0.8602690155 2.1064439007 -0.5610963339
600 -0.8602703568 2.1064439007 -0.5610963340
601 -0.8602716703 2.1064439007 -0.5610963342
602 -0.8602729564 2.1064439007 -0.5610963344
603 -0.8602742159 2.1064439007 -0.5610963345
604 -0.8602754491 2.1064439007 -0.5610963347
605 -0.8602766568 2.1064439007 -0.5610963348
606 -0.8602778394 2.1064439007 -0.5610963350
607 -0.8602789974 2.1064439007 -0.5610963351
608 -0.8602801314 2.1064439007 -0.5610963352
609 -0.8602812418 2.1064439007 -0.5610963353
610 -0.8602823291 2.1064439007 -0.5610963355
611 -0.8602833939 2.1064439007 -0.5610963356
612 -0.8602844366 2.1064439007 -0.5610963357
613 -0.8602854575 2.1064439007 -0.5610963358
614 -0.8602864573 2.1064439007 -0.5610963359
615 -0.8602874363 2.1064439007 -0.5610963360
616 -0.8602883950 2.1064439007 -0.5610963361
617 -0.8602893338 2.1064439007 -0.5610963362
618 -0.8602902530 2.1064439007 -0.5610963362
619 -0.8602911532 2.1064439007 -0.5610963363
620 -0.8602920347 2.1064439007 -0.5610963364
621 -0.8602928978 2.1064439007 -0.5610963365
622 -0.8602937431 2.1064439007 -0.5610963365
623 -0.8602945708 2.1064439007 -0.5610963366
624 -0.8602953812 2.1064439007 -0.5610963367
625 -0.8602961749 2.1064439007 -0.5610963367
626 -0.8602969521 2.1064439007 -0.5610963368
627 -0.8602977131 2.1064439007 -0.5610963369
628 -0.8602984583 2.1064439007 -0.5610963369
629 -0.8602991880 2.1064439007 -0.5610963370
630 -0.8602999026 2.1064439007 -0.5610963370
631 -0.8603006023 2.1064439007 -0.5610963371
632 -0.8603012875 2.1064439007 -0.5610963371
633 -0.8603019585 2.1064439007 -0.5610963372
634 -0.8603026155 2.1064439007 -0.5610963372
635 -0.8603032589 2.1064439007 -0.5610963372
636 -0.8603038889 2.1064439007 -0.5610963373
637 -0.8603045058 2.1064439007 -0.5610963373
638 -0.8603051100 2.1064439007 -0.5610963373
639 -0.8603057015 2.1064439007 -0.5610963374
640 -0.8603062808 2.1064439007 -0.5610963374
641 -0.8603068480 2.1064439007 -0.5610963374
642 -0.8603074035 2.1064439007 -0.5610963375
643 -0.8603079474 2.1064439007 -0.5610963375
644 -0.8603084801 2.1064439007 -0.5610963375
645 -0.8603090016 2.1064439007 -0.5610963376
646 -0.8603095124 2.1064439007 -0.5610963376
647 -0.8603100125 2.1064439007 -0.5610963376
648 -0.8603105022 2.1064439007 -0.5610963376
649 -0.8603109818 2.1064439007 -0.5610963377
650 -0.8603114514 2.1064439007 -0.5610963377
651 -0.8603119112 2.1064439007 -0.5610963377
652 -0.8603123615 2.1064439007 -0.5610963377
653 -0.8603128024 2.1064439007 -0.5610963377
654 -0.8603132342 2.1064439007 -0.5610963378
655 -0.8603136570 2.1064439007 -0.5610963378
656 -0.8603140711 2.1064439007 -0.5610963378
657 -0.8603144765 2.1064439007 -0.5610963378
658 -0.8603148735 2.1064439007 -0.5610963378
659 -0.8603152623 2.1064439007 -0.5610963378
660 -0.8603156429 2.1064439007 -0.5610963379
661 -0.8603160157 2.1064439007 -0.5610963379
662 -0.8603163807 2.1064439007 -0.5610963379
663 -0.8603167382 2.1064439007 -0.5610963379
664 -0.8603170882 2.1064439007 -0.5610963379
665 -0.8603174310 2.1064439007 -0.5610963379
666 -0.8603177666 2.1064439007 -0.5610963379
667 -0.8603180953 2.1064439007 -0.5610963379
668 -0.8603184171 2.1064439007 -0.5610963380
669 -0.8603187323 2.1064439007 -0.5610963380
670 -0.8603190409 2.1064439007 -0.5610963380
671 -0.8603193431 2.1064439007 -0.5610963380
672 -0.8603196390 2.1064439007 -0.5610963380
673 -0.8603199288 2.1064439007 -0.5610963380
674 -0.8603202125 2.1064439007 -0.5610963380
675 -0.8603204904 2.1064439007 -0.5610963380
676 -0.8603207625 2.1064439007 -0.5610963380
677 -0.8603210289 2.1064439007 -0.5610963380
678 -0.8603212898 2.1064439007 -0.5610963380
679 -0.8603215453 2.1064439007 -0.5610963380
680 -0.8603217954 2.1064439007 -0.5610963380
681 -0.8603220404 2.1064439007 -0.5610963381
682 -0.8603222803 2.1064439007 -0.5610963381
683 -0.8603225152 2.1064439007 -0.5610963381
684 -0.8603227452 2.1064439007 -0.5610963381
685 -0.8603229705 2.1064439007 -0.5610963381
686 -0.8603231911 2.1064439007 -0.5610963381
687 -0.8603234070 2.1064439007 -0.5610963381
688 -0.8603236185 2.1064439007 -0.5610963381
689 -0.8603238257 2.1064439007 -0.5610963381
690 -0.8603240285 2.1064439007 -0.5610963381
691 -0.8603242271 2.1064439007 -0.5610963381
692 -0.8603244215 2.1064439007 -0.5610963381
693 -0.8603246119 2.1064439007 -0.5610963381
694 -0.8603247984 2.1064439007 -0.5610963381
695 -0.8603249810 2.1064439007 -0.5610963381
696 -0.8603251598 2.1064439007 -0.5610963381
697 -0.8603253349 2.1064439007 -0.5610963381
698 -0.8603255064 2.1064439007 -0.5610963381
699 -0.8603256743 2.1064439007 -0.5610963381
700 -0.8603258387 2.1064439007 -0.5610963381
701 -0.8603259997 2.1064439007 -0.5610963381
702 -0.8603261573 2.1064439007 -0.5610963381
703 -0.8603263117 2.1064439007 -0.5610963381
704 -0.8603264629 2.1064439007 -0.5610963381
705 -0.8603266109 2.1064439007 -0.5610963381
706 -0.8603267558 2.1064439007 -0.5610963381
707 -0.8603268978 2.1064439007 -0.5610963381
708 -0.8603270368 2.1064439007 -0.5610963381
709 -0.8603271729 2.1064439007 -0.5610963381
710 -0.8603273061 2.1064439007 -0.5610963382
711 -0.8603274366 2.1064439007 -0.5610963382
712 -0.8603275644 2.1064439007 -0.5610963382
713 -0.8603276896 2.1064439007 -0.5610963382
714 -0.8603278121 2.1064439007 -0.5610963382
715 -0.8603279321 2.1064439007 -0.5610963382
716 -0.8603280496 2.1064439007 -0.5610963382
717 -0.8603281647 2.1064439007 -0.5610963382
718 -0.8603282774 2.1064439007 -0.5610963382
719 -0.8603283877 2.1064439007 -0.5610963382
720 -0.8603284958 2.1064439007 -0.5610963382
721 -0.8603286016 2.1064439007 -0.5610963382
722 -0.8603287052 2.1064439007 -0.5610963382
723 -0.8603288066 2.1064439007 -0.5610963382
