0 0.7557628633 2.1064439007 0.5500053277
1 0.4604904013 2.1064439007 0.4125232699
2 -0.5140994957 2.1064439007 -0.4476448867
3 -1.3853765448 2.1064439007 -0.2554068232
4 0.2745749944 2.1064439007 0.2642895578
5 -0.9776359083 2.1064439007 -0.5464831828
6 -0.6228093788 2.1064439007 -0.5058724955
7 -1.2558234256 2.1064439007 -0.3890424252
8 -0.0090278195 2.1064439007 -0.0090274516
9 -1.4188554457 2.1064439007 -0.2147536141
10 0.3452690467 2.1064439007 0.3248927964
11 -0.8167516700 2.1064439007 -0.5591421549
12 -0.9425817103 2.1064439007 -0.5539563841
13 -0.6959430868 2.1064439007 -0.5341011192
14 -1.1489390033 2.1064439007 -0.4704395668
15 -0.2482931889 2.1064439007 -0.2406788517
16 -1.5290177172 2.1064439007 -0.0638616526
17 0.5661253101 2.1064439007 0.4778015852
18 -0.1957473852 2.1064439007 -0.1920091147
19 -1.5251373600 2.1064439007 -0.0696120030
20 0.5587083712 2.1064439007 0.4737514553
21 -0.2192929517 2.1064439007 -0.2140412154
22 -1.5282616741 2.1064439007 -0.0649844805
23 0.5646825296 2.1064439007 0.4770203873
24 -0.2003411759 2.1064439007 -0.1963340998
25 -1.5259246246 2.1064439007 -0.0684478603
26 0.5602155450 2.1064439007 0.4745813311
27 -0.2145223936 2.1064439007 -0.2096051497
28 -1.5278111724 2.1064439007 -0.0656529767
29 0.5638222868 2.1064439007 0.4765530731
30 -0.2030770582 2.1064439007 -0.1989039510
31 -1.5263524797 2.1064439007 -0.0678146459
32 0.5610341402 2.1064439007 0.4750306008
33 -0.2119283356 2.1064439007 -0.2071868875
34 -1.5275273520 2.1064439007 -0.0660739206
35 0.5632801203 2.1064439007 0.4762579615
36 -0.2048001460 2.1064439007 -0.2005201606
37 -1.5266062513 2.1064439007 -0.0674388917
38 0.5615195001 2.1064439007 0.4752964939
39 -0.2103892716 2.1064439007 -0.2057501236
40 -1.5273460092 2.1064439007 -0.0663427895
41 0.5629336278 2.1064439007 0.4760691213
42 -0.2059008665 2.1064439007 -0.2015516638
43 -1.5267620167 2.1064439007 -0.0672081875
44 0.5618173520 2.1064439007 0.4754594855
45 -0.2094444220 2.1064439007 -0.2048673450
46 -1.5272298994 2.1064439007 -0.0665149047
47 0.5627117425 2.1064439007 0.4759480953
48 -0.2066055422 2.1064439007 -0.2022116388
49 -1.5268591407 2.1064439007 -0.0670643117
50 0.5620030466 2.1064439007 0.4755610328
51 -0.2088552174 2.1064439007 -0.2043165669
52 -1.5271556517 2.1064439007 -0.0666249510
53 0.5625698415 2.1064439007 0.4758706565
54 -0.2070561178 2.1064439007 -0.2026334731
55 -1.5269201806 2.1064439007 -0.0669738795
56 0.5621197414 2.1064439007 0.4756248203
57 -0.2084848919 2.1064439007 -0.2039702832
58 -1.5271082613 2.1064439007 -0.0666951847
59 0.5624792642 2.1064439007 0.4758212100
60 -0.2073436930 2.1064439007 -0.2029026393
61 -1.5269587056 2.1064439007 -0.0669167997
62 0.5621933891 2.1064439007 0.4756650666
63 -0.2082511525 2.1064439007 -0.2037516746
64 -1.5270780620 2.1064439007 -0.0667399385
65 0.5624215418 2.1064439007 0.4757896925
66 -0.2075269433 2.1064439007 -0.2030741324
67 -1.5269830788 2.1064439007 -0.0668806861
68 0.5622399813 2.1064439007 0.4756905236
69 -0.2081032713 2.1064439007 -0.2036133489
70 -1.5270588405 2.1064439007 -0.0667684227
71 0.5623848014 2.1064439007 0.4757696288
72 -0.2076435769 2.1064439007 -0.2031832722
73 -1.5269985203 2.1064439007 -0.0668578059
74 0.5622694990 2.1064439007 0.4757066497
75 -0.2080095802 2.1064439007 -0.2035257049
76 -1.5270466165 2.1064439007 -0.0667865370
77 0.5623614357 2.1064439007 0.4757568680
78 -0.2077177499 2.1064439007 -0.2032526751
79 -1.5270083115 2.1064439007 -0.0668432978
80 0.5622882153 2.1064439007 0.4757168741
81 -0.2079501720 2.1064439007 -0.2034701282
82 -1.5270388469 2.1064439007 -0.0667980504
83 0.5623465842 2.1064439007 0.4757487566
84 -0.2077648941 2.1064439007 -0.2032967857
85 -1.5270145231 2.1064439007 -0.0668340936
86 0.5623000890 2.1064439007 0.4757233602
87 -0.2079124828 2.1064439007 -0.2034348686
88 -1.5270339103 2.1064439007 -0.0668053656
89 0.5623371479 2.1064439007 0.4757436026
90 -0.2077948480 2.1064439007 -0.2033248114
91 -1.5270184650 2.1064439007 -0.0668282525
92 0.5623076241 2.1064439007 0.4757274762
93 -0.2078885648 2.1064439007 -0.2034124920
94 -1.5270307744 2.1064439007 -0.0668100123
95 0.5623311538 2.1064439007 0.4757403286
96 -0.2078138753 2.1064439007 -0.2033426136
97 -1.5270209671 2.1064439007 -0.0668245449
98 0.5623124069 2.1064439007 0.4757300888
99 -0.2078733831 2.1064439007 -0.2033982885
100 -1.5270287828 2.1064439007 -0.0668129636
101 0.5623273467 2.1064439007 0.4757382492
102 -0.2078259600 2.1064439007 -0.2033539201
103 -1.5270225554 2.1064439007 -0.0668221913
104 0.5623154431 2.1064439007 0.4757317472
105 -0.2078637455 2.1064439007 -0.2033892718
106 -1.5270275180 2.1064439007 -0.0668148378
107 0.5623249290 2.1064439007 0.4757369286
108 -0.2078336345 2.1064439007 -0.2033611003
109 -1.5270235638 2.1064439007 -0.0668206971
110 0.5623173706 2.1064439007 0.4757328001
111 -0.2078576269 2.1064439007 -0.2033835473
112 -1.5270267148 2.1064439007 -0.0668160280
113 0.5623233937 2.1064439007 0.4757360900
114 -0.2078385080 2.1064439007 -0.2033656599
115 -1.5270242040 2.1064439007 -0.0668197484
116 0.5623185945 2.1064439007 0.4757334686
117 -0.2078537422 2.1064439007 -0.2033799129
118 -1.5270262047 2.1064439007 -0.0668167837
119 0.5623224188 2.1064439007 0.4757355575
120 -0.2078416026 2.1064439007 -0.2033685553
121 -1.5270246105 2.1064439007 -0.0668191460
122 0.5623193715 2.1064439007 0.4757338930
123 -0.2078512757 2.1064439007 -0.2033776053
124 -1.5270258809 2.1064439007 -0.0668172636
125 0.5623217998 2.1064439007 0.4757352194
126 -0.2078435677 2.1064439007 -0.2033703937
127 -1.5270248686 2.1064439007 -0.0668187636
128 0.5623198648 2.1064439007 0.4757341625
129 -0.2078497097 2.1064439007 -0.2033761401
130 -1.5270256752 2.1064439007 -0.0668175683
131 0.5623214067 2.1064439007 0.4757350047
132 -0.2078448154 2.1064439007 -0.2033715611
133 -1.5270250325 2.1064439007 -0.0668185207
134 0.5623201781 2.1064439007 0.4757343336
135 -0.2078487153 2.1064439007 -0.2033752098
136 -1.5270255447 2.1064439007 -0.0668177618
137 0.5623211571 2.1064439007 0.4757348683
138 -0.2078456077 2.1064439007 -0.2033723024
139 -1.5270251366 2.1064439007 -0.0668183666
140 0.5623203770 2.1064439007 0.4757344422
141 -0.2078480840 2.1064439007 -0.2033746191
142 -1.5270254618 2.1064439007 -0.0668178847
143 0.5623209986 2.1064439007 0.4757347818
144 -0.2078461108 2.1064439007 -0.2033727730
145 -1.5270252026 2.1064439007 -0.0668182687
146 0.5623205033 2.1064439007 0.4757345112
147 -0.2078476831 2.1064439007 -0.2033742441
148 -1.5270254091 2.1064439007 -0.0668179627
149 0.5623208980 2.1064439007 0.4757347268
150 -0.2078464302 2.1064439007 -0.2033730719
151 -1.5270252446 2.1064439007 -0.0668182065
152 0.5623205835 2.1064439007 0.4757345550
153 -0.2078474285 2.1064439007 -0.2033740059
154 -1.5270253757 2.1064439007 -0.0668180122
155 0.5623208341 2.1064439007 0.4757346919
156 -0.2078466330 2.1064439007 -0.2033732616
157 -1.5270252712 2.1064439007 -0.0668181670
158 0.5623206344 2.1064439007 0.4757345828
159 -0.2078472669 2.1064439007 -0.2033738547
160 -1.5270253545 2.1064439007 -0.0668180437
161 0.5623207935 2.1064439007 0.4757346697
162 -0.2078467618 2.1064439007 -0.2033733821
163 -1.5270252881 2.1064439007 -0.0668181420
164 0.5623206667 2.1064439007 0.4757346005
165 -0.2078471643 2.1064439007 -0.2033737587
166 -1.5270253410 2.1064439007 -0.0668180636
167 0.5623207677 2.1064439007 0.4757346557
168 -0.2078468436 2.1064439007 -0.2033734586
169 -1.5270252989 2.1064439007 -0.0668181261
170 0.5623206872 2.1064439007 0.4757346117
171 -0.2078470991 2.1064439007 -0.2033736977
172 -1.5270253324 2.1064439007 -0.0668180763
173 0.5623207514 2.1064439007 0.4757346467
174 -0.2078468955 2.1064439007 -0.2033735072
175 -1.5270253057 2.1064439007 -0.0668181159
176 0.5623207003 2.1064439007 0.4757346188
177 -0.2078470578 2.1064439007 -0.2033736590
178 -1.5270253270 2.1064439007 -0.0668180844
179 0.5623207410 2.1064439007 0.4757346411
180 -0.2078469285 2.1064439007 -0.2033735381
181 -1.5270253100 2.1064439007 -0.0668181095
182 0.5623207085 2.1064439007 0.4757346233
183 -0.2078470315 2.1064439007 -0.2033736345
184 -1.5270253236 2.1064439007 -0.0668180895
185 0.5623207344 2.1064439007 0.4757346375
186 -0.2078469494 2.1064439007 -0.2033735576
187 -1.5270253128 2.1064439007 -0.0668181055
188 0.5623207138 2.1064439007 0.4757346262
189 -0.2078470148 2.1064439007 -0.2033736189
190 -1.5270253214 2.1064439007 -0.0668180927
191 0.5623207302 2.1064439007 0.4757346352
192 -0.2078469627 2.1064439007 -0.2033735701
193 -1.5270253145 2.1064439007 -0.0668181029
194 0.5623207171 2.1064439007 0.4757346280
195 -0.2078470042 2.1064439007 -0.2033736089
196 -1.5270253200 2.1064439007 -0.0668180948
197 0.5623207276 2.1064439007 0.4757346337
198 -0.2078469711 2.1064439007 -0.2033735780
199 -1.5270253156 2.1064439007 -0.0668181012
200 0.5623207192 2.1064439007 0.4757346292
201 -0.2078469975 2.1064439007 -0.2033736027
202 -1.5270253191 2.1064439007 -0.0668180961
203 0.5623207259 2.1064439007 0.4757346328
204 -0.2078469765 2.1064439007 -0.2033735830
205 -1.5270253163 2.1064439007 -0.0668181002
206 0.5623207206 2.1064439007 0.4757346299
207 -0.2078469932 2.1064439007 -0.2033735987
208 -1.5270253185 2.1064439007 -0.0668180969
209 0.5623207248 2.1064439007 0.4757346322
210 -0.2078469799 2.1064439007 -0.2033735862
211 -1.5270253168 2.1064439007 -0.0668180995
212 0.5623207214 2.1064439007 0.4757346304
213 -0.2078469905 2.1064439007 -0.2033735961
214 -1.5270253182 2.1064439007 -0.0668180975
215 0.5623207241 2.1064439007 0.4757346318
216 -0.2078469820 2.1064439007 -0.2033735882
217 -1.5270253171 2.1064439007 -0.0668180991
218 0.5623207220 2.1064439007 0.4757346307
219 -0.2078469888 2.1064439007 -0.2033735945
220 -1.5270253179 2.1064439007 -0.0668180978
221 0.5623207237 2.1064439007 0.4757346316
222 -0.2078469834 2.1064439007 -0.2033735895
223 -1.5270253172 2.1064439007 -0.0668180988
224 0.5623207223 2.1064439007 0.4757346309
225 -0.2078469877 2.1064439007 -0.2033735935
226 -1.5270253178 2.1064439007 -0.0668180980
227 0.5623207234 2.1064439007 0.4757346315
228 -0.2078469843 2.1064439007 -0.2033735903
229 -1.5270253174 2.1064439007 -0.0668180987
230 0.5623207226 2.1064439007 0.4757346310
231 -0.2078469870 2.1064439007 -0.2033735928
232 -1.5270253177 2.1064439007 -0.0668180981
233 0.5623207232 2.1064439007 0.4757346314
234 -0.2078469848 2.1064439007 -0.2033735908
235 -1.5270253174 2.1064439007 -0.0668180986
236 0.5623207227 2.1064439007 0.4757346311
237 -0.2078469866 2.1064439007 -0.2033735924
238 -1.5270253177 2.1064439007 -0.0668180982
239 0.5623207231 2.1064439007 0.4757346313
240 -0.2078469852 2.1064439007 -0.2033735911
241 -1.5270253175 2.1064439007 -0.0668180985
242 0.5623207228 2.1064439007 0.4757346311
243 -0.2078469863 2.1064439007 -0.2033735922
244 -1.5270253176 2.1064439007 -0.0668180983
245 0.5623207231 2.1064439007 0.4757346313
246 -0.2078469854 2.1064439007 -0.2033735913
247 -1.5270253175 2.1064439007 -0.0668180984
248 0.5623207228 2.1064439007 0.4757346311
249 -0.2078469861 2.1064439007 -0.2033735920
250 -1.5270253176 2.1064439007 -0.0668180983
251 0.5623207230 2.1064439007 0.4757346312
252 -0.2078469856 2.1064439007 -0.2033735915
253 -1.5270253175 2.1064439007 -0.0668180984
254 0.5623207229 2.1064439007 0.4757346312
255 -0.2078469860 2.1064439007 -0.2033735919
256 -1.5270253176 2.1064439007 -0.0668180983
257 0.5623207230 2.1064439007 0.4757346312
258 -0.2078469856 2.1064439007 -0.2033735916
259 -1.5270253175 2.1064439007 -0.0668180984
260 0.5623207229 2.1064439007 0.4757346312
261 -0.2078469859 2.1064439007 -0.2033735918
262 -1.5270253176 2.1064439007 -0.0668180983
263 0.5623207230 2.1064439007 0.4757346312
264 -0.2078469857 2.1064439007 -0.2033735916
265 -1.5270253175 2.1064439007 -0.0668180984
266 0.5623207229 2.1064439007 0.4757346312
267 -0.2078469859 2.1064439007 -0.2033735918
268 -1.5270253176 2.1064439007 -0.0668180984
269 0.5623207230 2.1064439007 0.4757346312
270 -0.2078469857 2.1064439007 -0.2033735916
271 -1.5270253175 2.1064439007 -0.0668180984
272 0.5623207229 2.1064439007 0.4757346312
273 -0.2078469858 2.1064439007 -0.2033735918
274 -1.5270253176 2.1064439007 -0.0668180984
275 0.5623207229 2.1064439007 0.4757346312
276 -0.2078469858 2.1064439007 -0.2033735917
277 -1.5270253175 2.1064439007 -0.0668180984
278 0.5623207229 2.1064439007 0.4757346312
279 -0.2078469858 2.1064439007 -0.2033735917
280 -1.5270253176 2.1064439007 -0.0668180984
281 0.5623207229 2.1064439007 0.4757346312
282 -0.2078469858 2.1064439007 -0.2033735917
283 -1.5270253175 2.1064439007 -0.0668180984
284 0.5623207229 2.1064439007 0.4757346312
285 -0.2078469858 2.1064439007 -0.2033735917
286 -1.5270253176 2.1064439007 -0.0668180984
287 0.5623207229 2.1064439007 0.4757346312
288 -0.2078469858 2.1064439007 -0.2033735917
289 -1.5270253176 2.1064439007 -0.0668180984
290 0.5623207229 2.1064439007 0.4757346312
291 -0.2078469858 2.1064439007 -0.2033735917
292 -1.5270253176 2.1064439007 -0.0668180984
293 0.5623207229 2.1064439007 0.4757346312
294 -0.2078469858 2.1064439007 -0.2033735917
295 -1.5270253176 2.1064439007 -0.0668180984
296 0.5623207229 2.1064439007 0.4757346312
297 -0.2078469858 2.1064439007 -0.2033735917
298 -1.5270253176 2.1064439007 -0.0668180984
299 0.5623207229 2.1064439007 0.4757346312
300 -0.2078469858 2.1064439007 -0.2033735917
301 -1.5270253176 2.1064439007 -0.0668180984
302 0.5623207229 2.1064439007 0.4757346312
303 -0.2078469858 2.1064439007 -0.2033735917
304 -1.5270253176 2.1064439007 -0.0668180984
305 0.5623207229 2.1064439007 0.4757346312
306 -0.2078469858 2.1064439007 -0.2033735917
307 -1.5270253176 2.1064439007 -0.0668180984
308 0.5623207229 2.1064439007 0.4757346312
309 -0.2078469858 2.1064439007 -0.2033735917
310 -1.5270253176 2.1064439007 -0.0668180984
311 0.5623207229 2.1064439007 0.4757346312
312 -0.2078469858 2.1064439007 -0.2033735917
313 -1.5270253176 2.1064439007 -0.0668180984
314 0.5623207229 2.1064439007 0.4757346312
315 -0.2078469858 2.1064439007 -0.2033735917
316 -1.5270253176 2.1064439007 -0.0668180984
317 0.5623207229 2.1064439007 0.4757346312
318 -0.2078469858 2.1064439007 -0.2033735917
319 -1.5270253176 2.1064439007 -0.0668180984
320 0.5623207229 2.1064439007 0.4757346312
321 -0.2078469858 2.1064439007 -0.2033735917
322 -1.5270253176 2.1064439007 -0.0668180984
323 0.5623207229 2.1064439007 0.4757346312
324 -0.2078469858 2.1064439007 -0.2033735917
325 -1.5270253176 2.1064439007 -0.0668180984
326 0.5623207229 2.1064439007 0.4757346312
327 -0.2078469858 2.1064439007 -0.2033735917
328 -1.5270253176 2.1064439007 -0.0668180984
329 0.5623207229 2.1064439007 0.4757346312
330 -0.2078469858 2.1064439007 -0.2033735917
331 -1.5270253176 2.1064439007 -0.0668180984
332 0.5623207229 2.1064439007 0.4757346312
333 -0.2078469858 2.1064439007 -0.2033735917
334 -1.5270253176 2.1064439007 -0.0668180984
335 0.5623207229 2.1064439007 0.4757346312
336 -0.2078469858 2.1064439007 -0.2033735917
337 -1.5270253176 2.1064439007 -0.0668180984
338 0.5623207229 2.1064439007 0.4757346312
339 -0.2078469858 2.1064439007 -0.2033735917
340 -1.5270253176 2.1064439007 -0.0668180984
341 0.5623207229 2.1064439007 0.4757346312
342 -0.2078469858 2.1064439007 -0.2033735917
343 -1.5270253176 2.1064439007 -0.0668180984
344 0.5623207229 2.1064439007 0.4757346312
345 -0.2078469858 2.1064439007 -0.2033735917
346 -1.5270253176 2.1064439007 -0.0668180984
347 0.5623207229 2.1064439007 0.4757346312
348 -0.2078469858 2.1064439007 -0.2033735917
349 -1.5270253176 2.1064439007 -0.0668180984
350 0.5623207229 2.1064439007 0.4757346312
351 -0.2078469858 2.1064439007 -0.2033735917
352 -1.5270253176 2.1064439007 -0.0668180984
353 0.5623207229 2.1064439007 0.4757346312
354 -0.2078469858 2.1064439007 -0.2033735917
355 -1.5270253176 2.1064439007 -0.0668180984
356 0.5623207229 2.1064439007 0.4757346312
357 -0.2078469858 2.1064439007 -0.2033735917
358 -1.5270253176 2.1064439007 -0.0668180984
359 0.5623207229 2.1064439007 0.4757346312
360 -0.2078469858 2.1064439007 -0.2033735917
361 -1.5270253176 2.1064439007 -0.0668180984
362 0.5623207229 2.1064439007 0.4757346312
363 -0.2078469858 2.1064439007 -0.2033735917
364 -1.5270253176 2.1064439007 -0.0668180984
365 0.5623207229 2.1064439007 0.4757346312
366 -0.2078469858 2.1064439007 -0.2033735917
367 -1.5270253176 2.1064439007 -0.0668180984
368 0.5623207229 2.1064439007 0.4757346312
369 -0.2078469858 2.1064439007 -0.2033735917
370 -1.5270253176 2.1064439007 -0.0668180984
371 0.5623207229 2.1064439007 0.4757346312
372 -0.2078469858 2.1064439007 -0.2033735917
373 -1.5270253176 2.1064439007 -0.0668180984
374 0.5623207229 2.1064439007 0.4757346312
375 -0.2078469858 2.1064439007 -0.2033735917
376 -1.5270253176 2.1064439007 -0.0668180984
377 0.5623207229 2.1064439007 0.4757346312
378 -0.2078469858 2.1064439007 -0.2033735917
379 -1.5270253176 2.1064439007 -0.0668180984
380 0.5623207229 2.1064439007 0.4757346312
381 -0.2078469858 2.1064439007 -0.2033735917
382 -1.5270253176 2.1064439007 -0.0668180984
383 0.5623207229 2.1064439007 0.4757346312
384 -0.2078469858 2.1064439007 -0.2033735917
385 -1.5270253176 2.1064439007 -0.0668180984
386 0.5623207229 2.1064439007 0.4757346312
387 -0.2078469858 2.1064439007 -0.2033735917
388 -1.5270253176 2.1064439007 -0.0668180984
389 0.5623207229 2.1064439007 0.4757346312
390 -0.2078469858 2.1064439007 -0.2033735917
391 -1.5270253176 2.1064439007 -0.0668180984
392 0.5623207229 2.1064439007 0.4757346312
393 -0.2078469858 2.1064439007 -0.2033735917
394 -1.5270253176 2.1064439007 -0.0668180984
395 0.5623207229 2.1064439007 0.4757346312
396 -0.2078469858 2.1064439007 -0.2033735917
397 -1.5270253176 2.1064439007 -0.0668180984
398 0.5623207229 2.1064439007 0.4757346312
399 -0.2078469858 2.1064439007 -0.2033735917
400 -1.5270253176 2.1064439007 -0.0668180984
401 0.5623207229 2.1064439007 0.4757346312
402 -0.2078469858 2.1064439007 -0.2033735917
403 -1.5270253176 2.1064439007 -0.0668180984
404 0.5623207229 2.1064439007 0.4757346312
405 -0.2078469858 2.1064439007 -0.2033735917
406 -1.5270253176 2.1064439007 -0.0668180984
407 0.5623207229 2.1064439007 0.4757346312
408 -0.2078469858 2.1064439007 -0.2033735917
409 -1.5270253176 2.1064439007 -0.0668180984
410 0.5623207229 2.1064439007 0.4757346312
411 -0.2078469858 2.1064439007 -0.2033735917
412 -1.5270253176 2.1064439007 -0.0668180984
413 0.5623207229 2.1064439007 0.4757346312
414 -0.2078469858 2.1064439007 -0.2033735917
415 -1.5270253176 2.1064439007 -0.0668180984
416 0.5623207229 2.1064439007 0.4757346312
417 -0.2078469858 2.1064439007 -0.2033735917
418 -1.5270253176 2.1064439007 -0.0668180984
419 0.5623207229 2.1064439007 0.4757346312
420 -0.2078469858 2.1064439007 -0.2033735917
421 -1.5270253176 2.1064439007 -0.0668180984
422 0.5623207229 2.1064439007 0.4757346312
423 -0.2078469858 2.1064439007 -0.2033735917
424 -1.5270253176 2.1064439007 -0.0668180984
425 0.5623207229 2.1064439007 0.4757346312
426 -0.2078469858 2.1064439007 -0.2033735917
427 -1.5270253176 2.1064439007 -0.0668180984
428 0.5623207229 2.1064439007 0.4757346312
429 -0.2078469858 2.1064439007 -0.2033735917
430 -1.5270253176 2.1064439007 -0.0668180984
431 0.5623207229 2.1064439007 0.4757346312
432 -0.2078469858 2.1064439007 -0.2033735917
433 -1.5270253176 2.1064439007 -0.0668180984
434 0.5623207229 2.1064439007 0.4757346312
435 -0.2078469858 2.1064439007 -0.2033735917
436 -1.5270253176 2.1064439007 -0.0668180984
437 0.5623207229 2.1064439007 0.4757346312
438 -0.2078469858 2.1064439007 -0.2033735917
439 -1.5270253176 2.1064439007 -0.0668180984
440 0.5623207229 2.1064439007 0.4757346312
441 -0.2078469858 2.1064439007 -0.2033735917
442 -1.5270253176 2.1064439007 -0.0668180984
443 0.5623207229 2.1064439007 0.4757346312
444 -0.2078469858 2.1064439007 -0.2033735917
445 -1.5270253176 2.1064439007 -0.0668180984
446 0.5623207229 2.1064439007 0.4757346312
447 -0.2078469858 2.1064439007 -0.2033735917
448 -1.5270253176 2.1064439007 -0.0668180984
449 0.5623207229 2.1064439007 0.4757346312
450 -0.2078469858 2.1064439007 -0.2033735917
451 -1.5270253176 2.1064439007 -0.0668180984
452 0.5623207229 2.1064439007 0.4757346312
453 -0.2078469858 2.1064439007 -0.2033735917
454 -1.5270253176 2.1064439007 -0.0668180984
455 0.5623207229 2.1064439007 0.4757346312
456 -0.2078469858 2.1064439007 -0.2033735917
457 -1.5270253176 2.1064439007 -0.0668180984
458 0.5623207229 2.1064439007 0.4757346312
459 -0.2078469858 2.1064439007 -0.2033735917
460 -1.5270253176 2.1064439007 -0.0668180984
461 0.5623207229 2.1064439007 0.4757346312
462 -0.2078469858 2.1064439007 -0.2033735917
463 -1.5270253176 2.1064439007 -0.0668180984
464 0.5623207229 2.1064439007 0.4757346312
465 -0.2078469858 2.1064439007 -0.2033735917
466 -1.5270253176 2.1064439007 -0.0668180984
467 0.5623207229 2.1064439007 0.4757346312
468 -0.2078469858 2.1064439007 -0.2033735917
469 -1.5270253176 2.1064439007 -0.0668180984
470 0.5623207229 2.1064439007 0.4757346312
471 -0.2078469858 2.1064439007 -0.2033735917
472 -1.5270253176 2.1064439007 -0.0668180984
473 0.5623207229 2.1064439007 0.4757346312
474 -0.2078469858 2.1064439007 -0.2033735917
475 -1.5270253176 2.1064439007 -0.0668180984
476 0.5623207229 2.1064439007 0.4757346312
477 -0.2078469858 2.1064439007 -0.2033735917
478 -1.5270253176 2.1064439007 -0.0668180984
479 0.5623207229 2.1064439007 0.4757346312
480 -0.2078469858 2.1064439007 -0.2033735917
481 -1.5270253176 2.1064439007 -0.0668180984
482 0.5623207229 2.1064439007 0.4757346312
483 -0.2078469858 2.1064439007 -0.2033735917
484 -1.5270253176 2.1064439007 -0.0668180984
485 0.5623207229 2.1064439007 0.4757346312
486 -0.2078469858 2.1064439007 -0.2033735917
487 -1.5270253176 2.1064439007 -0.0668180984
488 0.5623207229 2.1064439007 0.4757346312
489 -0.2078469858 2.1064439007 -0.2033735917
490 -1.5270253176 2.1064439007 -0.0668180984
491 0.5623207229 2.1064439007 0.4757346312
492 -0.2078469858 2.1064439007 -0.2033735917
493 -1.5270253176 2.1064439007 -0.0668180984
494 0.5623207229 2.1064439007 0.4757346312
495 -0.2078469858 2.1064439007 -0.2033735917
496 -1.5270253176 2.1064439007 -0.0668180984
497 0.5623207229 2.1064439007 0.4757346312
498 -0.2078469858 2.1064439007 -0.2033735917
499 -1.5270253176 2.1064439007 -0.0668180984
500 0.5623207229 2.1064439007 0.4757346312
501 -0.2078469858 2.1064439007 -0.2033735917
502 -1.5270253176 2.1064439007 -0.0668180984
503 0.5623207229 2.1064439007 0.4757346312
504 -0.2078469858 2.1064439007 -0.2033735917
505 -1.5270253176 2.1064439007 -0.0668180984
506 0.5623207229 2.1064439007 0.4757346312
507 -0.2078469858 2.1064439007 -0.2033735917
508 -1.5270253176 2.1064439007 -0.0668180984
509 0.5623207229 2.1064439007 0.4757346312
510 -0.2078469858 2.1064439007 -0.2033735917
511 -1.5270253176 2.1064439007 -0.0668180984
512 0.5623207229 2.1064439007 0.4757346312
513 -0.2078469858 2.1064439007 -0.2033735917
514 -1.5270253176 2.1064439007 -0.0668180984
515 0.5623207229 2.1064439007 0.4757346312
516 -0.2078469858 2.1064439007 -0.2033735917
517 -1.5270253176 2.1064439007 -0.0668180984
518 0.5623207229 2.1064439007 0.4757346312
519 -0.2078469858 2.1064439007 -0.2033735917
520 -1.5270253176 2.1064439007 -0.0668180984
521 0.5623207229 2.1064439007 0.4757346312
522 -0.2078469858 2.1064439007 -0.2033735917
523 -1.5270253176 2.1064439007 -0.0668180984
524 0.5623207229 2.1064439007 0.4757346312
525 -0.2078469858 2.1064439007 -0.2033735917
526 -1.5270253176 2.1064439007 -0.0668180984
527 0.5623207229 2.1064439007 0.4757346312
528 -0.2078469858 2.1064439007 -0.2033735917
529 -1.5270253176 2.1064439007 -0.0668180984
530 0.5623207229 2.1064439007 0.4757346312
531 -0.2078469858 2.1064439007 -0.2033735917
532 -1.5270253176 2.1064439007 -0.0668180984
533 0.5623207229 2.1064439007 0.4757346312
534 -0.2078469858 2.1064439007 -0.2033735917
535 -1.5270253176 2.1064439007 -0.0668180984
536 0.5623207229 2.1064439007 0.4757346312
537 -0.2078469858 2.1064439007 -0.2033735917
538 -1.5270253176 2.1064439007 -0.0668180984
539 0.5623207229 2.1064439007 0.4757346312
540 -0.2078469858 2.1064439007 -0.2033735917
541 -1.5270253176 2.1064439007 -0.0668180984
542 0.5623207229 2.1064439007 0.4757346312
543 -0.2078469858 2.1064439007 -0.2033735917
544 -1.5270253176 2.1064439007 -0.0668180984
545 0.5623207229 2.1064439007 0.4757346312
546 -0.2078469858 2.1064439007 -0.2033735917
547 -1.5270253176 2.1064439007 -0.0668180984
548 0.5623207229 2.1064439007 0.4757346312
549 -0.2078469858 2.1064439007 -0.2033735917
550 -1.5270253176 2.1064439007 -0.0668180984
551 0.5623207229 2.1064439007 0.4757346312
552 -0.2078469858 2.1064439007 -0.2033735917
553 -1.5270253176 2.1064439007 -0.0668180984
554 0.5623207229 2.1064439007 0.4757346312
555 -0.2078469858 2.1064439007 -0.2033735917
556 -1.5270253176 2.1064439007 -0.0668180984
557 0.5623207229 2.1064439007 0.4757346312
558 -0.2078469858 2.1064439007 -0.2033735917
559 -1.5270253176 2.1064439007 -0.0668180984
560 0.5623207229 2.1064439007 0.4757346312
561 -0.2078469858 2.1064439007 -0.2033735917
562 -1.5270253176 2.1064439007 -0.0668180984
563 0.5623207229 2.1064439007 0.4757346312
564 -0.2078469858 2.1064439007 -0.2033735917
565 -1.5270253176 2.1064439007 -0.0668180984
566 0.5623207229 2.1064439007 0.4757346312
567 -0.2078469858 2.1064439007 -0.2033735917
568 -1.5270253176 2.1064439007 -0.0668180984
569 0.5623207229 2.1064439007 0.4757346312
570 -0.2078469858 2.1064439007 -0.2033735917
571 -1.5270253176 2.1064439007 -0.0668180984
572 0.5623207229 2.1064439007 0.4757346312
573 -0.2078469858 2.1064439007 -0.2033735917
574 -1.5270253176 2.1064439007 -0.0668180984
575 0.5623207229 2.1064439007 0.4757346312
576 -0.2078469858 2.1064439007 -0.2033735917
577 -1.5270253176 2.1064439007 -0.0668180984
578 0.5623207229 2.1064439007 0.4757346312
579 -0.2078469858 2.1064439007 -0.2033735917
580 -1.5270253176 2.1064439007 -0.0668180984
581 0.5623207229 2.1064439007 0.4757346312
582 -0.2078469858 2.1064439007 -0.2033735917
583 -1.5270253176 2.1064439007 -0.0668180984
584 0.5623207229 2.1064439007 0.4757346312
585 -0.2078469858 2.1064439007 -0.2033735917
586 -1.5270253176 2.1064439007 -0.0668180984
587 0.5623207229 2.1064439007 0.4757346312
588 -0.2078469858 2.1064439007 -0.2033735917
589 -1.5270253176 2.1064439007 -0.0668180984
590 0.5623207229 2.1064439007 0.4757346312
591 -0.2078469858 2.1064439007 -0.2033735917
592 -1.5270253176 2.1064439007 -0.0668180984
593 0.5623207229 2.1064439007 0.4757346312
594 -0.2078469858 2.1064439007 -0.2033735917
595 -1.5270253176 2.1064439007 -0.0668180984
596 0.5623207229 2.1064439007 0.4757346312
597 -0.2078469858 2.1064439007 -0.2033735917
598 -1.5270253176 2.1064439007 -0.0668180984
599 0.5623207229 2.1064439007 0.4757346312
600 -0.2078469858 2.1064439007 -0.2033735917
601 -1.5270253176 2.1064439007 -0.0668180984
602 0.5623207229 2.1064439007 0.4757346312
603 -0.2078469858 2.1064439007 -0.2033735917
604 -1.5270253176 2.1064439007 -0.0668180984
605 0.5623207229 2.1064439007 0.4757346312
606 -0.2078469858 2.1064439007 -0.2033735917
607 -1.5270253176 2.1064439007 -0.0668180984
608 0.5623207229 2.1064439007 0.4757346312
609 -0.2078469858 2.1064439007 -0.2033735917
610 -1.5270253176 2.1064439007 -0.0668180984
611 0.5623207229 2.1064439007 0.4757346312
612 -0.2078469858 2.1064439007 -0.2033735917
613 -1.5270253176 2.1064439007 -0.0668180984
614 0.5623207229 2.1064439007 0.4757346312
615 -0.2078469858 2.1064439007 -0.2033735917
616 -1.5270253176 2.1064439007 -0.0668180984
617 0.5623207229 2.1064439007 0.4757346312
618 -0.2078469858 2.1064439007 -0.2033735917
619 -1.5270253176 2.1064439007 -0.0668180984
620 0.5623207229 2.1064439007 0.4757346312
621 -0.2078469858 2.1064439007 -0.2033735917
622 -1.5270253176 2.1064439007 -0.0668180984
623 0.5623207229 2.1064439007 0.4757346312
624 -0.2078469858 2.1064439007 -0.2033735917
625 -1.5270253176 2.1064439007 -0.0668180984
626 0.5623207229 2.1064439007 0.4757346312
627 -0.2078469858 2.1064439007 -0.2033735917
628 -1.5270253176 2.1064439007 -0.0668180984
629 0.5623207229 2.1064439007 0.4757346312
630 -0.2078469858 2.1064439007 -0.2033735917
631 -1.5270253176 2.1064439007 -0.0668180984
632 0.5623207229 2.1064439007 0.4757346312
633 -0.2078469858 2.1064439007 -0.2033735917
634 -1.5270253176 2.1064439007 -0.0668180984
635 0.5623207229 2.1064439007 0.4757346312
636 -0.2078469858 2.1064439007 -0.2033735917
637 -1.5270253176 2.1064439007 -0.0668180984
638 0.5623207229 2.1064439007 0.4757346312
639 -0.2078469858 2.1064439007 -0.2033735917
640 -1.5270253176 2.1064439007 -0.0668180984
641 0.5623207229 2.1064439007 0.4757346312
642 -0.2078469858 2.1064439007 -0.2033735917
643 -1.5270253176 2.1064439007 -0.0668180984
644 0.5623207229 2.1064439007 0.4757346312
645 -0.2078469858 2.1064439007 -0.2033735917
646 -1.5270253176 2.1064439007 -0.0668180984
647 0.5623207229 2.1064439007 0.4757346312
648 -0.2078469858 2.1064439007 -0.2033735917
649 -1.5270253176 2.1064439007 -0.0668180984
650 0.5623207229 2.1064439007 0.4757346312
651 -0.2078469858 2.1064439007 -0.2033735917
652 -1.5270253176 2.1064439007 -0.0668180984
653 0.5623207229 2.1064439007 0.4757346312
654 -0.2078469858 2.1064439007 -0.2033735917
655 -1.5270253176 2.1064439007 -0.0668180984
656 0.5623207229 2.1064439007 0.4757346312
657 -0.2078469858 2.1064439007 -0.2033735917
658 -1.5270253176 2.1064439007 -0.0668180984
659 0.5623207229 2.1064439007 0.4757346312
660 -0.2078469858 2.1064439007 -0.2033735917
661 -1.5270253176 2.1064439007 -0.0668180984
662 0.5623207229 2.1064439007 0.4757346312
663 -0.2078469858 2.1064439007 -0.2033735917
664 -1.5270253176 2.1064439007 -0.0668180984
665 0.5623207229 2.1064439007 0.4757346312
666 -0.2078469858 2.1064439007 -0.2033735917
667 -1.5270253176 2.1064439007 -0.0668180984
668 0.5623207229 2.1064439007 0.4757346312
669 -0.2078469858 2.1064439007 -0.2033735917
670 -1.5270253176 2.1064439007 -0.0668180984
671 0.5623207229 2.1064439007 0.4757346312
672 -0.2078469858 2.1064439007 -0.2033735917
673 -1.5270253176 2.1064439007 -0.0668180984
674 0.5623207229 2.1064439007 0.4757346312
675 -0.2078469858 2.1064439007 -0.2033735917
676 -1.5270253176 2.1064439007 -0.0668180984
677 0.5623207229 2.1064439007 0.4757346312
678 -0.2078469858 2.1064439007 -0.2033735917
679 -1.5270253176 2.1064439007 -0.0668180984
680 0.5623207229 2.1064439007 0.4757346312
681 -0.2078469858 2.1064439007 -0.2033735917
682 -1.5270253176 2.1064439007 -0.0668180984
683 0.5623207229 2.1064439007 0.4757346312
684 -0.2078469858 2.1064439007 -0.2033735917
685 -1.5270253176 2.1064439007 -0.0668180984
686 0.5623207229 2.1064439007 0.4757346312
687 -0.2078469858 2.1064439007 -0.2033735917
688 -1.5270253176 2.1064439007 -0.0668180984
689 0.5623207229 2.1064439007 0.4757346312
690 -0.2078469858 2.1064439007 -0.2033735917
691 -1.5270253176 2.1064439007 -0.0668180984
692 0.5623207229 2.1064439007 0.4757346312
693 -0.2078469858 2.1064439007 -0.2033735917
694 -1.5270253176 2.1064439007 -0.0668180984
695 0.5623207229 2.1064439007 0.4757346312
696 -0.2078469858 2.1064439007 -0.2033735917
697 -1.5270253176 2.1064439007 -0.0668180984
698 0.5623207229 2.1064439007 0.4757346312
699 -0.2078469858 2.1064439007 -0.2033735917
700 -1.5270253176 2.1064439007 -0.0668180984
701 0.5623207229 2.1064439007 0.4757346312
702 -0.2078469858 2.1064439007 -0.2033735917
703 -1.5270253176 2.1064439007 -0.0668180984
704 0.5623207229 2.1064439007 0.4757346312
705 -0.2078469858 2.1064439007 -0.2033735917
706 -1.5270253176 2.1064439007 -0.0668180984
707 0.5623207229 2.1064439007 0.4757346312
708 -0.2078469858 2.1064439007 -0.2033735917
709 -1.5270253176 2.1064439007 -0.0668180984
710 0.5623207229 2.1064439007 0.4757346312
711 -0.2078469858 2.1064439007 -0.2033735917
712 -1.5270253176 2.1064439007 -0.0668180984
713 0.5623207229 2.1064439007 0.4757346312
714 -0.2078469858 2.1064439007 -0.2033735917
715 -1.5270253176 2.1064439007 -0.0668180984
716 0.5623207229 2.1064439007 0.4757346312
717 -0.2078469858 2.1064439007 -0.2033735917
718 -1.5270253176 2.1064439007 -0.0668180984
719 0.5623207229 2.1064439007 0.4757346312
720 -0.2078469858 2.1064439007 -0.2033735917
721 -1.5270253176 2.1064439007 -0.0668180984
722 0.5623207229 2.1064439007 0.4757346312
723 -0.2078469858 2.1064439007 -0.2033735917
724 -1.5270253176 2.1064439007 -0.0668180984
725 0.5623207229 2.1064439007 0.4757346312
726 -0.2078469858 2.1064439007 -0.2033735917
727 -1.5270253176 2.1064439007 -0.0668180984
728 0.5623207229 2.1064439007 0.4757346312
729 -0.2078469858 2.1064439007 -0.2033735917
730 -1.5270253176 2.1064439007 -0.0668180984
731 0.5623207229 2.1064439007 0.4757346312
732 -0.2078469858 2.1064439007 -0.2033735917
733 -1.5270253176 2.1064439007 -0.0668180984
734 0.5623207229 2.1064439007 0.4757346312
735 -0.2078469858 2.1064439007 -0.2033735917
736 -1.5270253176 2.1064439007 -0.0668180984
737 0.5623207229 2.1064439007 0.4757346312
738 -0.2078469858 2.1064439007 -0.2033735917
739 -1.5270253176 2.1064439007 -0.0668180984
740 0.5623207229 2.1064439007 0.4757346312
741 -0.2078469858 2.1064439007 -0.2033735917
742 -1.5270253176 2.1064439007 -0.0668180984
743 0.5623207229 2.1064439007 0.4757346312
744 -0.2078469858 2.1064439007 -0.2033735917
745 -1.5270253176 2.1064439007 -0.0668180984
746 0.5623207229 2.1064439007 0.4757346312
747 -0.2078469858 2.1064439007 -0.2033735917
748 -1.5270253176 2.1064439007 -0.0668180984
749 0.5623207229 2.1064439007 0.4757346312
750 -0.2078469858 2.1064439007 -0.2033735917
751 -1.5270253176 2.1064439007 -0.0668180984
752 0.5623207229 2.1064439007 0.4757346312
753 -0.2078469858 2.1064439007 -0.2033735917
754 -1.5270253176 2.1064439007 -0.0668180984
755 0.5623207229 2.1064439007 0.4757346312
756 -0.2078469858 2.1064439007 -0.2033735917
757 -1.5270253176 2.1064439007 -0.0668180984
758 0.5623207229 2.1064439007 0.4757346312
759 -0.2078469858 2.1064439007 -0.2033735917
760 -1.5270253176 2.1064439007 -0.0668180984
761 0.5623207229 2.1064439007 0.4757346312
762 -0.2078469858 2.1064439007 -0.2033735917
763 -1.5270253176 2.1064439007 -0.0668180984
764 0.5623207229 2.1064439007 0.4757346312
765 -0.2078469858 2.1064439007 -0.2033735917
766 -1.5270253176 2.1064439007 -0.0668180984
767 0.5623207229 2.1064439007 0.4757346312
768 -0.2078469858 2.1064439007 -0.2033735917
769 -1.5270253176 2.1064439007 -0.0668180984
770 0.5623207229 2.1064439007 0.4757346312
771 -0.2078469858 2.1064439007 -0.2033735917
772 -1.5270253176 2.1064439007 -0.0668180984
773 0.5623207229 2.1064439007 0.4757346312
774 -0.2078469858 2.1064439007 -0.2033735917
775 -1.5270253176 2.1064439007 -0.0668180984
776 0.5623207229 2.1064439007 0.4757346312
777 -0.2078469858 2.1064439007 -0.2033735917
778 -1.5270253176 2.1064439007 -0.0668180984
779 0.5623207229 2.1064439007 0.4757346312
780 -0.2078469858 2.1064439007 -0.2033735917
781 -1.5270253176 2.1064439007 -0.0668180984
782 0.5623207229 2.1064439007 0.4757346312
783 -0.2078469858 2.1064439007 -0.2033735917
784 -1.5270253176 2.1064439007 -0.0668180984
785 0.5623207229 2.1064439007 0.4757346312
786 -0.2078469858 2.1064439007 -0.2033735917
787 -1.5270253176 2.1064439007 -0.0668180984
788 0.5623207229 2.1064439007 0.4757346312
789 -0.2078469858 2.1064439007 -0.2033735917
790 -1.5270253176 2.1064439007 -0.0668180984
791 0.5623207229 2.1064439007 0.4757346312
792 -0.2078469858 2.1064439007 -0.2033735917
793 -1.5270253176 2.1064439007 -0.0668180984
794 0.5623207229 2.1064439007 0.4757346312
795 -0.2078469858 2.1064439007 -0.2033735917
796 -1.5270253176 2.1064439007 -0.0668180984
797 0.5623207229 2.1064439007 0.4757346312
798 -0.2078469858 2.1064439007 -0.2033735917
799 -1.5270253176 2.1064439007 -0.0668180984
800 0.5623207229 2.1064439007 0.4757346312
801 -0.2078469858 2.1064439007 -0.2033735917
802 -1.5270253176 2.1064439007 -0.0668180984
803 0.5623207229 2.1064439007 0.4757346312
804 -0.2078469858 2.1064439007 -0.2033735917
805 -1.5270253176 2.1064439007 -0.0668180984
806 0.5623207229 2.1064439007 0.4757346312
807 -0.2078469858 2.1064439007 -0.2033735917
808 -1.5270253176 2.1064439007 -0.0668180984
809 0.5623207229 2.1064439007 0.4757346312
810 -0.2078469858 2.1064439007 -0.2033735917
811 -1.5270253176 2.1064439007 -0.0668180984
812 0.5623207229 2.1064439007 0.4757346312
813 -0.2078469858 2.1064439007 -0.2033735917
814 -1.5270253176 2.1064439007 -0.0668180984
815 0.5623207229 2.1064439007 0.4757346312
816 -0.2078469858 2.1064439007 -0.2033735917
817 -1.5270253176 2.1064439007 -0.0668180984
818 0.5623207229 2.1064439007 0.4757346312
819 -0.2078469858 2.1064439007 -0.2033735917
820 -1.5270253176 2.1064439007 -0.0668180984
821 0.5623207229 2.1064439007 0.4757346312
822 -0.2078469858 2.1064439007 -0.2033735917
823 -1.5270253176 2.1064439007 -0.0668180984
824 0.5623207229 2.1064439007 0.4757346312
825 -0.2078469858 2.1064439007 -0.2033735917
826 -1.5270253176 2.1064439007 -0.0668180984
827 0.5623207229 2.1064439007 0.4757346312
828 -0.2078469858 2.1064439007 -0.2033735917
829 -1.5270253176 2.1064439007 -0.0668180984
830 0.5623207229 2.1064439007 0.4757346312
831 -0.2078469858 2.1064439007 -0.2033735917
832 -1.5270253176 2.1064439007 -0.0668180984
833 0.5623207229 2.1064439007 0.4757346312
834 -0.2078469858 2.1064439007 -0.2033735917
835 -1.5270253176 2.1064439007 -0.0668180984
836 0.5623207229 2.1064439007 0.4757346312
837 -0.2078469858 2.1064439007 -0.2033735917
838 -1.5270253176 2.1064439007 -0.0668180984
839 0.5623207229 2.1064439007 0.4757346312
840 -0.2078469858 2.1064439007 -0.2033735917
841 -1.5270253176 2.1064439007 -0.0668180984
842 0.5623207229 2.1064439007 0.4757346312
843 -0.2078469858 2.1064439007 -0.2033735917
844 -1.5270253176 2.1064439007 -0.0668180984
845 0.5623207229 2.1064439007 0.4757346312
846 -0.2078469858 2.1064439007 -0.2033735917
847 -1.5270253176 2.1064439007 -0.0668180984
848 0.5623207229 2.1064439007 0.4757346312
849 -0.2078469858 2.1064439007 -0.2033735917
850 -1.5270253176 2.1064439007 -0.0668180984
851 0.5623207229 2.1064439007 0.4757346312
852 -0.2078469858 2.1064439007 -0.2033735917
853 -1.5270253176 2.1064439007 -0.0668180984
854 0.5623207229 2.1064439007 0.4757346312
855 -0.2078469858 2.1064439007 -0.2033735917
856 -1.5270253176 2.1064439007 -0.0668180984
857 0.5623207229 2.1064439007 0.4757346312
858 -0.2078469858 2.1064439007 -0.2033735917
859 -1.5270253176 2.1064439007 -0.0668180984
860 0.5623207229 2.1064439007 0.4757346312
861 -0.2078469858 2.1064439007 -0.2033735917
862 -1.5270253176 2.1064439007 -0.0668180984
863 0.5623207229 2.1064439007 0.4757346312
864 -0.2078469858 2.1064439007 -0.2033735917
865 -1.5270253176 2.1064439007 -0.0668180984
866 0.5623207229 2.1064439007 0.4757346312
867 -0.2078469858 2.1064439007 -0.2033735917
868 -1.5270253176 2.1064439007 -0.0668180984
869 0.5623207229 2.1064439007 0.4757346312
870 -0.2078469858 2.1064439007 -0.2033735917
871 -1.5270253176 2.1064439007 -0.0668180984
872 0.5623207229 2.1064439007 0.4757346312
873 -0.2078469858 2.1064439007 -0.2033735917
874 -1.5270253176 2.1064439007 -0.0668180984
875 0.5623207229 2.1064439007 0.4757346312
876 -0.2078469858 2.1064439007 -0.2033735917
877 -1.5270253176 2.1064439007 -0.0668180984
878 0.5623207229 2.1064439007 0.4757346312
879 -0.2078469858 2.1064439007 -0.2033735917
880 -1.5270253176 2.1064439007 -0.0668180984
881 0.5623207229 2.1064439007 0.4757346312
882 -0.2078469858 2.1064439007 -0.2033735917
883 -1.5270253176 2.1064439007 -0.0668180984
884 0.5623207229 2.1064439007 0.4757346312
885 -0.2078469858 2.1064439007 -0.2033735917
886 -1.5270253176 2.1064439007 -0.0668180984
887 0.5623207229 2.1064439007 0.4757346312
888 -0.2078469858 2.1064439007 -0.2033735917
889 -1.5270253176 2.1064439007 -0.0668180984
890 0.5623207229 2.1064439007 0.4757346312
891 -0.2078469858 2.1064439007 -0.2033735917
892 -1.5270253176 2.1064439007 -0.0668180984
893 0.5623207229 2.1064439007 0.4757346312
894 -0.2078469858 2.1064439007 -0.2033735917
895 -1.5270253176 2.1064439007 -0.0668180984
896 0.5623207229 2.1064439007 0.4757346312
897 -0.2078469858 2.1064439007 -0.2033735917
898 -1.5270253176 2.1064439007 -0.0668180984
899 0.5623207229 2.1064439007 0.4757346312
900 -0.2078469858 2.1064439007 -0.2033735917
901 -1.5270253176 2.1064439007 -0.0668180984
902 0.5623207229 2.1064439007 0.4757346312
903 -0.2078469858 2.1064439007 -0.2033735917
904 -1.5270253176 2.1064439007 -0.0668180984
905 0.5623207229 2.1064439007 0.4757346312
906 -0.2078469858 2.1064439007 -0.2033735917
907 -1.5270253176 2.1064439007 -0.0668180984
908 0.5623207229 2.1064439007 0.4757346312
909 -0.2078469858 2.1064439007 -0.2033735917
910 -1.5270253176 2.1064439007 -0.0668180984
911 0.5623207229 2.1064439007 0.4757346312
912 -0.2078469858 2.1064439007 -0.2033735917
913 -1.5270253176 2.1064439007 -0.0668180984
914 0.5623207229 2.1064439007 0.4757346312
915 -0.2078469858 2.1064439007 -0.2033735917
916 -1.5270253176 2.1064439007 -0.0668180984
917 0.5623207229 2.1064439007 0.4757346312
918 -0.2078469858 2.1064439007 -0.2033735917
919 -1.5270253176 2.1064439007 -0.0668180984
920 0.5623207229 2.1064439007 0.4757346312
921 -0.2078469858 2.1064439007 -0.2033735917
922 -1.5270253176 2.1064439007 -0.0668180984
923 0.5623207229 2.1064439007 0.4757346312
924 -0.2078469858 2.1064439007 -0.2033735917
925 -1.5270253176 2.1064439007 -0.0668180984
926 0.5623207229 2.1064439007 0.4757346312
927 -0.2078469858 2.1064439007 -0.2033735917
928 -1.5270253176 2.1064439007 -0.0668180984
929 0.5623207229 2.1064439007 0.4757346312
930 -0.2078469858 2.1064439007 -0.2033735917
931 -1.5270253176 2.1064439007 -0.0668180984
932 0.5623207229 2.1064439007 0.4757346312
933 -0.2078469858 2.1064439007 -0.2033735917
934 -1.5270253176 2.1064439007 -0.0668180984
935 0.5623207229 2.1064439007 0.4757346312
936 -0.2078469858 2.1064439007 -0.2033735917
937 -1.5270253176 2.1064439007 -0.0668180984
938 0.5623207229 2.1064439007 0.4757346312
939 -0.2078469858 2.1064439007 -0.2033735917
940 -1.5270253176 2.1064439007 -0.0668180984
941 0.5623207229 2.1064439007 0.4757346312
942 -0.2078469858 2.1064439007 -0.2033735917
943 -1.5270253176 2.1064439007 -0.0668180984
944 0.5623207229 2.1064439007 0.4757346312
945 -0.2078469858 2.1064439007 -0.2033735917
946 -1.5270253176 2.1064439007 -0.0668180984
947 0.5623207229 2.1064439007 0.4757346312
948 -0.2078469858 2.1064439007 -0.2033735917
949 -1.5270253176 2.1064439007 -0.0668180984
950 0.5623207229 2.1064439007 0.4757346312
951 -0.2078469858 2.1064439007 -0.2033735917
952 -1.5270253176 2.1064439007 -0.0668180984
953 0.5623207229 2.1064439007 0.4757346312
954 -0.2078469858 2.1064439007 -0.2033735917
955 -1.5270253176 2.1064439007 -0.0668180984
956 0.5623207229 2.1064439007 0.4757346312
957 -0.2078469858 2.1064439007 -0.2033735917
958 -1.5270253176 2.1064439007 -0.0668180984
959 0.5623207229 2.1064439007 0.4757346312
960 -0.2078469858 2.1064439007 -0.2033735917
961 -1.5270253176 2.1064439007 -0.0668180984
962 0.5623207229 2.1064439007 0.4757346312
963 -0.2078469858 2.1064439007 -0.2033735917
964 -1.5270253176 2.1064439007 -0.0668180984
965 0.5623207229 2.1064439007 0.4757346312
966 -0.2078469858 2.1064439007 -0.2033735917
967 -1.5270253176 2.1064439007 -0.0668180984
968 0.5623207229 2.1064439007 0.4757346312
969 -0.2078469858 2.1064439007 -0.2033735917
970 -1.5270253176 2.1064439007 -0.0668180984
971 0.5623207229 2.1064439007 0.4757346312
972 -0.2078469858 2.1064439007 -0.2033735917
973 -1.5270253176 2.1064439007 -0.0668180984
974 0.5623207229 2.1064439007 0.4757346312
975 -0.2078469858 2.1064439007 -0.2033735917
976 -1.5270253176 2.1064439007 -0.0668180984
977 0.5623207229 2.1064439007 0.4757346312
978 -0.2078469858 2.1064439007 -0.2033735917
979 -1.5270253176 2.1064439007 -0.0668180984
980 0.5623207229 2.1064439007 0.4757346312
981 -0.2078469858 2.1064439007 -0.2033735917
982 -1.5270253176 2.1064439007 -0.0668180984
983 0.5623207229 2.1064439007 0.4757346312
984 -0.2078469858 2.1064439007 -0.2033735917
985 -1.5270253176 2.1064439007 -0.0668180984
986 0.5623207229 2.1064439007 0.4757346312
987 -0.2078469858 2.1064439007 -0.2033735917
988 -1.5270253176 2.1064439007 -0.0668180984
989 0.5623207229 2.1064439007 0.4757346312
990 -0.2078469858 2.1064439007 -0.2033735917
991 -1.5270253176 2.1064439007 -0.0668180984
992 0.5623207229 2.1064439007 0.4757346312
993 -0.2078469858 2.1064439007 -0.2033735917
994 -1.5270253176 2.1064439007 -0.0668180984
995 0.5623207229 2.1064439007 0.4757346312
996 -0.2078469858 2.1064439007 -0.2033735917
997 -1.5270253176 2.1064439007 -0.0668180984
998 0.5623207229 2.1064439007 0.4757346312
999 -0.2078469858 2.1064439007 -0.2033735917
