0.7557628633 0.5500053277
0.4604904013 0.4125232699
-0.5140994957 -0.4476448867
-1.3853765448 -0.2554068232
0.2745749944 0.2642895578
-0.9776359083 -0.5464831828
-0.6228093788 -0.5058724955
-1.2558234256 -0.3890424252
-0.0090278195 -0.0090274516
-1.4188554457 -0.2147536141
0.3452690467 0.3248927964
-0.8167516700 -0.5591421549
-0.9425817103 -0.5539563841
-0.6959430868 -0.5341011192
-1.1489390033 -0.4704395668
-0.2482931889 -0.2406788517
-1.5290177172 -0.0638616526
0.5661253101 0.4778015852
-0.1957473852 -0.1920091147
-1.5251373600 -0.0696120030
0.5587083712 0.4737514553
-0.2192929517 -0.2140412154
-1.5282616741 -0.0649844805
0.5646825296 0.4770203873
-0.2003411759 -0.1963340998
-1.5259246246 -0.0684478603
0.5602155450 0.4745813311
-0.2145223936 -0.2096051497
-1.5278111724 -0.0656529767
0.5638222868 0.4765530731
-0.2030770582 -0.1989039510
-1.5263524797 -0.0678146459
0.5610341402 0.4750306008
-0.2119283356 -0.2071868875
-1.5275273520 -0.0660739206
0.5632801203 0.4762579615
-0.2048001460 -0.2005201606
-1.5266062513 -0.0674388917
0.5615195001 0.4752964939
-0.2103892716 -0.2057501236
-1.5273460092 -0.0663427895
0.5629336278 0.4760691213
-0.2059008665 -0.2015516638
-1.5267620167 -0.0672081875
0.5618173520 0.4754594855
-0.2094444220 -0.2048673450
-1.5272298994 -0.0665149047
0.5627117425 0.4759480953
-0.2066055422 -0.2022116388
-1.5268591407 -0.0670643117
0.5620030466 0.4755610328
-0.2088552174 -0.2043165669
-1.5271556517 -0.0666249510
0.5625698415 0.4758706565
-0.2070561178 -0.2026334731
-1.5269201806 -0.0669738795
0.5621197414 0.4756248203
-0.2084848919 -0.2039702832
-1.5271082613 -0.0666951847
0.5624792642 0.4758212100
-0.2073436930 -0.2029026393
-1.5269587056 -0.0669167997
0.5621933891 0.4756650666
-0.2082511525 -0.2037516746
-1.5270780620 -0.0667399385
0.5624215418 0.4757896925
-0.2075269433 -0.2030741324
-1.5269830788 -0.0668806861
0.5622399813 0.4756905236
-0.2081032713 -0.2036133489
-1.5270588405 -0.0667684227
0.5623848014 0.4757696288
-0.2076435769 -0.2031832722
-1.5269985203 -0.0668578059
0.5622694990 0.4757066497
-0.2080095802 -0.2035257049
-1.5270466165 -0.0667865370
0.5623614357 0.4757568680
-0.2077177499 -0.2032526751
-1.5270083115 -0.0668432978
0.5622882153 0.4757168741
-0.2079501720 -0.2034701282
-1.5270388469 -0.0667980504
0.5623465842 0.4757487566
-0.2077648941 -0.2032967857
-1.5270145231 -0.0668340936
0.5623000890 0.4757233602
-0.2079124828 -0.2034348686
-1.5270339103 -0.0668053656
0.5623371479 0.4757436026
-0.2077948480 -0.2033248114
-1.5270184650 -0.0668282525
0.5623076241 0.4757274762
-0.2078885648 -0.2034124920
-1.5270307744 -0.0668100123
0.5623311538 0.4757403286
-0.2078138753 -0.2033426136
-1.5270209671 -0.0668245449
0.5623124069 0.4757300888
-0.2078733831 -0.2033982885
-1.5270287828 -0.0668129636
0.5623273467 0.4757382492
-0.2078259600 -0.2033539201
-1.5270225554 -0.0668221913
0.5623154431 0.4757317472
-0.2078637455 -0.2033892718
-1.5270275180 -0.0668148378
0.5623249290 0.4757369286
-0.2078336345 -0.2033611003
-1.5270235638 -0.0668206971
0.5623173706 0.4757328001
-0.2078576269 -0.2033835473
-1.5270267148 -0.0668160280
0.5623233937 0.4757360900
-0.2078385080 -0.2033656599
-1.5270242040 -0.0668197484
0.5623185945 0.4757334686
-0.2078537422 -0.2033799129
-1.5270262047 -0.0668167837
0.5623224188 0.4757355575
-0.2078416026 -0.2033685553
-1.5270246105 -0.0668191460
0.5623193715 0.4757338930
-0.2078512757 -0.2033776053
-1.5270258809 -0.0668172636
0.5623217998 0.4757352194
-0.2078435677 -0.2033703937
-1.5270248686 -0.0668187636
0.5623198648 0.4757341625
-0.2078497097 -0.2033761401
-1.5270256752 -0.0668175683
0.5623214067 0.4757350047
-0.2078448154 -0.2033715611
-1.5270250325 -0.0668185207
0.5623201781 0.4757343336
-0.2078487153 -0.2033752098
-1.5270255447 -0.0668177618
0.5623211571 0.4757348683
-0.2078456077 -0.2033723024
-1.5270251366 -0.0668183666
0.5623203770 0.4757344422
-0.2078480840 -0.2033746191
-1.5270254618 -0.0668178847
0.5623209986 0.4757347818
-0.2078461108 -0.2033727730
-1.5270252026 -0.0668182687
0.5623205033 0.4757345112
-0.2078476831 -0.2033742441
-1.5270254091 -0.0668179627
0.5623208980 0.4757347268
-0.2078464302 -0.2033730719
-1.5270252446 -0.0668182065
0.5623205835 0.4757345550
-0.2078474285 -0.2033740059
-1.5270253757 -0.0668180122
0.5623208341 0.4757346919
-0.2078466330 -0.2033732616
-1.5270252712 -0.0668181670
0.5623206344 0.4757345828
-0.2078472669 -0.2033738547
-1.5270253545 -0.0668180437
0.5623207935 0.4757346697
-0.2078467618 -0.2033733821
-1.5270252881 -0.0668181420
0.5623206667 0.4757346005
-0.2078471643 -0.2033737587
-1.5270253410 -0.0668180636
0.5623207677 0.4757346557
-0.2078468436 -0.2033734586
-1.5270252989 -0.0668181261
0.5623206872 0.4757346117
-0.2078470991 -0.2033736977
-1.5270253324 -0.0668180763
0.5623207514 0.4757346467
-0.2078468955 -0.2033735072
-1.5270253057 -0.0668181159
0.5623207003 0.4757346188
-0.2078470578 -0.2033736590
-1.5270253270 -0.0668180844
0.5623207410 0.4757346411
-0.2078469285 -0.2033735381
-1.5270253100 -0.0668181095
0.5623207085 0.4757346233
-0.2078470315 -0.2033736345
-1.5270253236 -0.0668180895
0.5623207344 0.4757346375
-0.2078469494 -0.2033735576
-1.5270253128 -0.0668181055
0.5623207138 0.4757346262
-0.2078470148 -0.2033736189
-1.5270253214 -0.0668180927
0.5623207302 0.4757346352
-0.2078469627 -0.2033735701
-1.5270253145 -0.0668181029
0.5623207171 0.4757346280
-0.2078470042 -0.2033736089
-1.5270253200 -0.0668180948
0.5623207276 0.4757346337
-0.2078469711 -0.2033735780
-1.5270253156 -0.0668181012
0.5623207192 0.4757346292
-0.2078469975 -0.2033736027
-1.5270253191 -0.0668180961
0.5623207259 0.4757346328
-0.2078469765 -0.2033735830
-1.5270253163 -0.0668181002
0.5623207206 0.4757346299
-0.2078469932 -0.2033735987
-1.5270253185 -0.0668180969
0.5623207248 0.4757346322
-0.2078469799 -0.2033735862
-1.5270253168 -0.0668180995
0.5623207214 0.4757346304
-0.2078469905 -0.2033735961
-1.5270253182 -0.0668180975
0.5623207241 0.4757346318
-0.2078469820 -0.2033735882
-1.5270253171 -0.0668180991
0.5623207220 0.4757346307
-0.2078469888 -0.2033735945
-1.5270253179 -0.0668180978
0.5623207237 0.4757346316
-0.2078469834 -0.2033735895
-1.5270253172 -0.0668180988
0.5623207223 0.4757346309
-0.2078469877 -0.2033735935
-1.5270253178 -0.0668180980
0.5623207234 0.4757346315
-0.2078469843 -0.2033735903
-1.5270253174 -0.0668180987
0.5623207226 0.4757346310
-0.2078469870 -0.2033735928
-1.5270253177 -0.0668180981
0.5623207232 0.4757346314
-0.2078469848 -0.2033735908
-1.5270253174 -0.0668180986
0.5623207227 0.4757346311
-0.2078469866 -0.2033735924
-1.5270253177 -0.0668180982
0.5623207231 0.4757346313
-0.2078469852 -0.2033735911
-1.5270253175 -0.0668180985
0.5623207228 0.4757346311
-0.2078469863 -0.2033735922
-1.5270253176 -0.0668180983
0.5623207231 0.4757346313
-0.2078469854 -0.2033735913
-1.5270253175 -0.0668180984
0.5623207228 0.4757346311
-0.2078469861 -0.2033735920
-1.5270253176 -0.0668180983
0.5623207230 0.4757346312
-0.2078469856 -0.2033735915
-1.5270253175 -0.0668180984
0.5623207229 0.4757346312
-0.2078469860 -0.2033735919
-1.5270253176 -0.0668180983
0.5623207230 0.4757346312
-0.2078469856 -0.2033735916
-1.5270253175 -0.0668180984
0.5623207229 0.4757346312
-0.2078469859 -0.2033735918
-1.5270253176 -0.0668180983
0.5623207230 0.4757346312
-0.2078469857 -0.2033735916
-1.5270253175 -0.0668180984
0.5623207229 0.4757346312
-0.2078469859 -0.2033735918
-1.5270253176 -0.0668180984
0.5623207230 0.4757346312
-0.2078469857 -0.2033735916
-1.5270253175 -0.0668180984
0.5623207229 0.4757346312
-0.2078469858 -0.2033735918
-1.5270253176 -0.0668180984
0.5623207229 0.4757346312
-0.2078469858 -0.2033735917
-1.5270253175 -0.0668180984
0.5623207229 0.4757346312
-0.2078469858 -0.2033735917
-1.5270253176 -0.0668180984
0.5623207229 0.4757346312
-0.2078469858 -0.2033735917
-1.5270253175 -0.0668180984
0.5623207229 0.4757346312
-0.2078469858 -0.2033735917
-1.5270253176 -0.0668180984
0.5623207229 0.4757346312
-0.2078469858 -0.2033735917
-1.5270253176 -0.0668180984
0.5623207229 0.4757346312
-0.2078469858 -0.2033735917
-1.5270253176 -0.0668180984
0.5623207229 0.4757346312
-0.2078469858 -0.2033735917
-1.5270253176 -0.0668180984
0.5623207229 0.4757346312
-0.2078469858 -0.2033735917
-1.5270253176 -0.0668180984
0.5623207229 0.4757346312
-0.2078469858 -0.2033735917
-1.5270253176 -0.0668180984
0.5623207229 0.4757346312
-0.2078469858 -0.2033735917
-1.5270253176 -0.0668180984
0.5623207229 0.4757346312
-0.2078469858 -0.2033735917
-1.5270253176 -0.0668180984
0.5623207229 0.4757346312
-0.2078469858 -0.2033735917
-1.5270253176 -0.0668180984
0.5623207229 0.4757346312
-0.2078469858 -0.2033735917
-1.5270253176 -0.0668180984
0.5623207229 0.4757346312
-0.2078469858 -0.2033735917
-1.5270253176 -0.0668180984
0.5623207229 0.4757346312
-0.2078469858 -0.2033735917
-1.5270253176 -0.0668180984
0.5623207229 0.4757346312
-0.2078469858 -0.2033735917
-1.5270253176 -0.0668180984
0.5623207229 0.4757346312
-0.2078469858 -0.2033735917
-1.5270253176 -0.0668180984
0.5623207229 0.4757346312
-0.2078469858 -0.2033735917
-1.5270253176 -0.0668180984
0.5623207229 0.4757346312
-0.2078469858 -0.2033735917
-1.5270253176 -0.0668180984
0.5623207229 0.4757346312
-0.2078469858 -0.2033735917
-1.5270253176 -0.0668180984
0.5623207229 0.4757346312
-0.2078469858 -0.2033735917
-1.5270253176 -0.0668180984
0.5623207229 0.4757346312
-0.2078469858 -0.2033735917
-1.5270253176 -0.0668180984
0.5623207229 0.4757346312
-0.2078469858 -0.2033735917
-1.5270253176 -0.0668180984
0.5623207229 0.4757346312
-0.2078469858 -0.2033735917
-1.5270253176 -0.0668180984
0.5623207229 0.4757346312
-0.2078469858 -0.2033735917
-1.5270253176 -0.0668180984
0.5623207229 0.4757346312
-0.2078469858 -0.2033735917
-1.5270253176 -0.0668180984
0.5623207229 0.4757346312
-0.2078469858 -0.2033735917
-1.5270253176 -0.0668180984
0.5623207229 0.4757346312
-0.2078469858 -0.2033735917
-1.5270253176 -0.0668180984
0.5623207229 0.4757346312
-0.2078469858 -0.2033735917
-1.5270253176 -0.0668180984
0.5623207229 0.4757346312
-0.2078469858 -0.2033735917
-1.5270253176 -0.0668180984
0.5623207229 0.4757346312
-0.2078469858 -0.2033735917
-1.5270253176 -0.0668180984
0.5623207229 0.4757346312
-0.2078469858 -0.2033735917
-1.5270253176 -0.0668180984
0.5623207229 0.4757346312
-0.2078469858 -0.2033735917
-1.5270253176 -0.0668180984
0.5623207229 0.4757346312
-0.2078469858 -0.2033735917
-1.5270253176 -0.0668180984
0.5623207229 0.4757346312
-0.2078469858 -0.2033735917
-1.5270253176 -0.0668180984
0.5623207229 0.4757346312
-0.2078469858 -0.2033735917
-1.5270253176 -0.0668180984
0.5623207229 0.4757346312
-0.2078469858 -0.2033735917
-1.5270253176 -0.0668180984
0.5623207229 0.4757346312
-0.2078469858 -0.2033735917
-1.5270253176 -0.0668180984
0.5623207229 0.4757346312
-0.2078469858 -0.2033735917
-1.5270253176 -0.0668180984
0.5623207229 0.4757346312
-0.2078469858 -0.2033735917
-1.5270253176 -0.0668180984
0.5623207229 0.4757346312
-0.2078469858 -0.2033735917
-1.5270253176 -0.0668180984
0.5623207229 0.4757346312
-0.2078469858 -0.2033735917
-1.5270253176 -0.0668180984
0.5623207229 0.4757346312
-0.2078469858 -0.2033735917
-1.5270253176 -0.0668180984
0.5623207229 0.4757346312
-0.2078469858 -0.2033735917
-1.5270253176 -0.0668180984
0.5623207229 0.4757346312
-0.2078469858 -0.2033735917
-1.5270253176 -0.0668180984
0.5623207229 0.4757346312
-0.2078469858 -0.2033735917
-1.5270253176 -0.0668180984
0.5623207229 0.4757346312
-0.2078469858 -0.2033735917
-1.5270253176 -0.0668180984
0.5623207229 0.4757346312
-0.2078469858 -0.2033735917
-1.5270253176 -0.0668180984
0.5623207229 0.4757346312
-0.2078469858 -0.2033735917
-1.5270253176 -0.0668180984
0.5623207229 0.4757346312
-0.2078469858 -0.2033735917
-1.5270253176 -0.0668180984
0.5623207229 0.4757346312
-0.2078469858 -0.2033735917
-1.5270253176 -0.0668180984
0.5623207229 0.4757346312
-0.2078469858 -0.2033735917
-1.5270253176 -0.0668180984
0.5623207229 0.4757346312
-0.2078469858 -0.2033735917
-1.5270253176 -0.0668180984
0.5623207229 0.4757346312
-0.2078469858 -0.2033735917
-1.5270253176 -0.0668180984
0.5623207229 0.4757346312
-0.2078469858 -0.2033735917
-1.5270253176 -0.0668180984
0.5623207229 0.4757346312
-0.2078469858 -0.2033735917
-1.5270253176 -0.0668180984
0.5623207229 0.4757346312
-0.2078469858 -0.2033735917
-1.5270253176 -0.0668180984
0.5623207229 0.4757346312
-0.2078469858 -0.2033735917
-1.5270253176 -0.0668180984
0.5623207229 0.4757346312
-0.2078469858 -0.2033735917
-1.5270253176 -0.0668180984
0.5623207229 0.4757346312
-0.2078469858 -0.2033735917
-1.5270253176 -0.0668180984
0.5623207229 0.4757346312
-0.2078469858 -0.2033735917
-1.5270253176 -0.0668180984
0.5623207229 0.4757346312
-0.2078469858 -0.2033735917
-1.5270253176 -0.0668180984
0.5623207229 0.4757346312
-0.2078469858 -0.2033735917
-1.5270253176 -0.0668180984
0.5623207229 0.4757346312
-0.2078469858 -0.2033735917
-1.5270253176 -0.0668180984
0.5623207229 0.4757346312
-0.2078469858 -0.2033735917
-1.5270253176 -0.0668180984
0.5623207229 0.4757346312
-0.2078469858 -0.2033735917
-1.5270253176 -0.0668180984
0.5623207229 0.4757346312
-0.2078469858 -0.2033735917
-1.5270253176 -0.0668180984
0.5623207229 0.4757346312
-0.2078469858 -0.2033735917
-1.5270253176 -0.0668180984
0.5623207229 0.4757346312
-0.2078469858 -0.2033735917
-1.5270253176 -0.0668180984
0.5623207229 0.4757346312
-0.2078469858 -0.2033735917
-1.5270253176 -0.0668180984
0.5623207229 0.4757346312
-0.2078469858 -0.2033735917
-1.5270253176 -0.0668180984
0.5623207229 0.4757346312
-0.2078469858 -0.2033735917
-1.5270253176 -0.0668180984
0.5623207229 0.4757346312
-0.2078469858 -0.2033735917
-1.5270253176 -0.0668180984
0.5623207229 0.4757346312
-0.2078469858 -0.2033735917
-1.5270253176 -0.0668180984
0.5623207229 0.4757346312
-0.2078469858 -0.2033735917
-1.5270253176 -0.0668180984
0.5623207229 0.4757346312
-0.2078469858 -0.2033735917
-1.5270253176 -0.0668180984
0.5623207229 0.4757346312
-0.2078469858 -0.2033735917
-1.5270253176 -0.0668180984
0.5623207229 0.4757346312
-0.2078469858 -0.2033735917
-1.5270253176 -0.0668180984
0.5623207229 0.4757346312
-0.2078469858 -0.2033735917
-1.5270253176 -0.0668180984
0.5623207229 0.4757346312
-0.2078469858 -0.2033735917
-1.5270253176 -0.0668180984
0.5623207229 0.4757346312
-0.2078469858 -0.2033735917
-1.5270253176 -0.0668180984
0.5623207229 0.4757346312
-0.2078469858 -0.2033735917
-1.5270253176 -0.0668180984
0.5623207229 0.4757346312
-0.2078469858 -0.2033735917
-1.5270253176 -0.0668180984
0.5623207229 0.4757346312
-0.2078469858 -0.2033735917
-1.5270253176 -0.0668180984
0.5623207229 0.4757346312
-0.2078469858 -0.2033735917
-1.5270253176 -0.0668180984
0.5623207229 0.4757346312
-0.2078469858 -0.2033735917
-1.5270253176 -0.0668180984
0.5623207229 0.4757346312
-0.2078469858 -0.2033735917
-1.5270253176 -0.0668180984
0.5623207229 0.4757346312
-0.2078469858 -0.2033735917
-1.5270253176 -0.0668180984
0.5623207229 0.4757346312
-0.2078469858 -0.2033735917
-1.5270253176 -0.0668180984
0.5623207229 0.4757346312
-0.2078469858 -0.2033735917
-1.5270253176 -0.0668180984
0.5623207229 0.4757346312
-0.2078469858 -0.2033735917
-1.5270253176 -0.0668180984
0.5623207229 0.4757346312
-0.2078469858 -0.2033735917
-1.5270253176 -0.0668180984
0.5623207229 0.4757346312
-0.2078469858 -0.2033735917
-1.5270253176 -0.0668180984
0.5623207229 0.4757346312
-0.2078469858 -0.2033735917
-1.5270253176 -0.0668180984
0.5623207229 0.4757346312
-0.2078469858 -0.2033735917
-1.5270253176 -0.0668180984
0.5623207229 0.4757346312
-0.2078469858 -0.2033735917
-1.5270253176 -0.0668180984
0.5623207229 0.4757346312
-0.2078469858 -0.2033735917
-1.5270253176 -0.0668180984
0.5623207229 0.4757346312
-0.2078469858 -0.2033735917
-1.5270253176 -0.0668180984
0.5623207229 0.4757346312
-0.2078469858 -0.2033735917
-1.5270253176 -0.0668180984
0.5623207229 0.4757346312
-0.2078469858 -0.2033735917
-1.5270253176 -0.0668180984
0.5623207229 0.4757346312
-0.2078469858 -0.2033735917
-1.5270253176 -0.0668180984
0.5623207229 0.4757346312
-0.2078469858 -0.2033735917
-1.5270253176 -0.0668180984
0.5623207229 0.4757346312
-0.2078469858 -0.2033735917
-1.5270253176 -0.0668180984
0.5623207229 0.4757346312
-0.2078469858 -0.2033735917
-1.5270253176 -0.0668180984
0.5623207229 0.4757346312
-0.2078469858 -0.2033735917
-1.5270253176 -0.0668180984
0.5623207229 0.4757346312
-0.2078469858 -0.2033735917
-1.5270253176 -0.0668180984
0.5623207229 0.4757346312
-0.2078469858 -0.2033735917
-1.5270253176 -0.0668180984
0.5623207229 0.4757346312
-0.2078469858 -0.2033735917
-1.5270253176 -0.0668180984
0.5623207229 0.4757346312
-0.2078469858 -0.2033735917
-1.5270253176 -0.0668180984
0.5623207229 0.4757346312
-0.2078469858 -0.2033735917
-1.5270253176 -0.0668180984
0.5623207229 0.4757346312
-0.2078469858 -0.2033735917
-1.5270253176 -0.0668180984
0.5623207229 0.4757346312
-0.2078469858 -0.2033735917
-1.5270253176 -0.0668180984
0.5623207229 0.4757346312
-0.2078469858 -0.2033735917
-1.5270253176 -0.0668180984
0.5623207229 0.4757346312
-0.2078469858 -0.2033735917
-1.5270253176 -0.0668180984
0.5623207229 0.4757346312
-0.2078469858 -0.2033735917
-1.5270253176 -0.0668180984
0.5623207229 0.4757346312
-0.2078469858 -0.2033735917
-1.5270253176 -0.0668180984
0.5623207229 0.4757346312
-0.2078469858 -0.2033735917
-1.5270253176 -0.0668180984
0.5623207229 0.4757346312
-0.2078469858 -0.2033735917
-1.5270253176 -0.0668180984
0.5623207229 0.4757346312
-0.2078469858 -0.2033735917
-1.5270253176 -0.0668180984
0.5623207229 0.4757346312
-0.2078469858 -0.2033735917
-1.5270253176 -0.0668180984
0.5623207229 0.4757346312
-0.2078469858 -0.2033735917
-1.5270253176 -0.0668180984
0.5623207229 0.4757346312
-0.2078469858 -0.2033735917
-1.5270253176 -0.0668180984
0.5623207229 0.4757346312
-0.2078469858 -0.2033735917
-1.5270253176 -0.0668180984
0.5623207229 0.4757346312
-0.2078469858 -0.2033735917
-1.5270253176 -0.0668180984
0.5623207229 0.4757346312
-0.2078469858 -0.2033735917
-1.5270253176 -0.0668180984
0.5623207229 0.4757346312
-0.2078469858 -0.2033735917
-1.5270253176 -0.0668180984
0.5623207229 0.4757346312
-0.2078469858 -0.2033735917
-1.5270253176 -0.0668180984
0.5623207229 0.4757346312
-0.2078469858 -0.2033735917
-1.5270253176 -0.0668180984
0.5623207229 0.4757346312
-0.2078469858 -0.2033735917
-1.5270253176 -0.0668180984
0.5623207229 0.4757346312
-0.2078469858 -0.2033735917
-1.5270253176 -0.0668180984
0.5623207229 0.4757346312
-0.2078469858 -0.2033735917
-1.5270253176 -0.0668180984
0.5623207229 0.4757346312
-0.2078469858 -0.2033735917
-1.5270253176 -0.0668180984
0.5623207229 0.4757346312
-0.2078469858 -0.2033735917
-1.5270253176 -0.0668180984
0.5623207229 0.4757346312
-0.2078469858 -0.2033735917
-1.5270253176 -0.0668180984
0.5623207229 0.4757346312
-0.2078469858 -0.2033735917
-1.5270253176 -0.0668180984
0.5623207229 0.4757346312
-0.2078469858 -0.2033735917
-1.5270253176 -0.0668180984
0.5623207229 0.4757346312
-0.2078469858 -0.2033735917
-1.5270253176 -0.0668180984
0.5623207229 0.4757346312
-0.2078469858 -0.2033735917
-1.5270253176 -0.0668180984
0.5623207229 0.4757346312
-0.2078469858 -0.2033735917
-1.5270253176 -0.0668180984
0.5623207229 0.4757346312
-0.2078469858 -0.2033735917
-1.5270253176 -0.0668180984
0.5623207229 0.4757346312
-0.2078469858 -0.2033735917
-1.5270253176 -0.0668180984
0.5623207229 0.4757346312
-0.2078469858 -0.2033735917
-1.5270253176 -0.0668180984
0.5623207229 0.4757346312
-0.2078469858 -0.2033735917
-1.5270253176 -0.0668180984
0.5623207229 0.4757346312
-0.2078469858 -0.2033735917
-1.5270253176 -0.0668180984
0.5623207229 0.4757346312
-0.2078469858 -0.2033735917
-1.5270253176 -0.0668180984
0.5623207229 0.4757346312
-0.2078469858 -0.2033735917
-1.5270253176 -0.0668180984
0.5623207229 0.4757346312
-0.2078469858 -0.2033735917
-1.5270253176 -0.0668180984
0.5623207229 0.4757346312
-0.2078469858 -0.2033735917
-1.5270253176 -0.0668180984
0.5623207229 0.4757346312
-0.2078469858 -0.2033735917
-1.5270253176 -0.0668180984
0.5623207229 0.4757346312
-0.2078469858 -0.2033735917
-1.5270253176 -0.0668180984
0.5623207229 0.4757346312
-0.2078469858 -0.2033735917
-1.5270253176 -0.0668180984
0.5623207229 0.4757346312
-0.2078469858 -0.2033735917
-1.5270253176 -0.0668180984
0.5623207229 0.4757346312
-0.2078469858 -0.2033735917
-1.5270253176 -0.0668180984
0.5623207229 0.4757346312
-0.2078469858 -0.2033735917
-1.5270253176 -0.0668180984
0.5623207229 0.4757346312
-0.2078469858 -0.2033735917
-1.5270253176 -0.0668180984
0.5623207229 0.4757346312
-0.2078469858 -0.2033735917
-1.5270253176 -0.0668180984
0.5623207229 0.4757346312
-0.2078469858 -0.2033735917
-1.5270253176 -0.0668180984
0.5623207229 0.4757346312
-0.2078469858 -0.2033735917
-1.5270253176 -0.0668180984
0.5623207229 0.4757346312
-0.2078469858 -0.2033735917
-1.5270253176 -0.0668180984
0.5623207229 0.4757346312
-0.2078469858 -0.2033735917
-1.5270253176 -0.0668180984
0.5623207229 0.4757346312
-0.2078469858 -0.2033735917
-1.5270253176 -0.0668180984
0.5623207229 0.4757346312
-0.2078469858 -0.2033735917
-1.5270253176 -0.0668180984
0.5623207229 0.4757346312
-0.2078469858 -0.2033735917
-1.5270253176 -0.0668180984
0.5623207229 0.4757346312
-0.2078469858 -0.2033735917
-1.5270253176 -0.0668180984
0.5623207229 0.4757346312
-0.2078469858 -0.2033735917
-1.5270253176 -0.0668180984
0.5623207229 0.4757346312
-0.2078469858 -0.2033735917
-1.5270253176 -0.0668180984
0.5623207229 0.4757346312
-0.2078469858 -0.2033735917
-1.5270253176 -0.0668180984
0.5623207229 0.4757346312
-0.2078469858 -0.2033735917
-1.5270253176 -0.0668180984
0.5623207229 0.4757346312
-0.2078469858 -0.2033735917
-1.5270253176 -0.0668180984
0.5623207229 0.4757346312
-0.2078469858 -0.2033735917
-1.5270253176 -0.0668180984
0.5623207229 0.4757346312
-0.2078469858 -0.2033735917
-1.5270253176 -0.0668180984
0.5623207229 0.4757346312
-0.2078469858 -0.2033735917
-1.5270253176 -0.0668180984
0.5623207229 0.4757346312
-0.2078469858 -0.2033735917
-1.5270253176 -0.0668180984
0.5623207229 0.4757346312
-0.2078469858 -0.2033735917
-1.5270253176 -0.0668180984
0.5623207229 0.4757346312
-0.2078469858 -0.2033735917
-1.5270253176 -0.0668180984
0.5623207229 0.4757346312
-0.2078469858 -0.2033735917
-1.5270253176 -0.0668180984
0.5623207229 0.4757346312
-0.2078469858 -0.2033735917
-1.5270253176 -0.0668180984
0.5623207229 0.4757346312
-0.2078469858 -0.2033735917
-1.5270253176 -0.0668180984
0.5623207229 0.4757346312
-0.2078469858 -0.2033735917
-1.5270253176 -0.0668180984
0.5623207229 0.4757346312
-0.2078469858 -0.2033735917
-1.5270253176 -0.0668180984
0.5623207229 0.4757346312
-0.2078469858 -0.2033735917
-1.5270253176 -0.0668180984
0.5623207229 0.4757346312
-0.2078469858 -0.2033735917
-1.5270253176 -0.0668180984
0.5623207229 0.4757346312
-0.2078469858 -0.2033735917
-1.5270253176 -0.0668180984
0.5623207229 0.4757346312
-0.2078469858 -0.2033735917
-1.5270253176 -0.0668180984
0.5623207229 0.4757346312
-0.2078469858 -0.2033735917
-1.5270253176 -0.0668180984
0.5623207229 0.4757346312
-0.2078469858 -0.2033735917
-1.5270253176 -0.0668180984
0.5623207229 0.4757346312
-0.2078469858 -0.2033735917
-1.5270253176 -0.0668180984
0.5623207229 0.4757346312
-0.2078469858 -0.2033735917
-1.5270253176 -0.0668180984
0.5623207229 0.4757346312
-0.2078469858 -0.2033735917
-1.5270253176 -0.0668180984
0.5623207229 0.4757346312
-0.2078469858 -0.2033735917
-1.5270253176 -0.0668180984
0.5623207229 0.4757346312
-0.2078469858 -0.2033735917
-1.5270253176 -0.0668180984
0.5623207229 0.4757346312
-0.2078469858 -0.2033735917
-1.5270253176 -0.0668180984
0.5623207229 0.4757346312
-0.2078469858 -0.2033735917
-1.5270253176 -0.0668180984
0.5623207229 0.4757346312
-0.2078469858 -0.2033735917
-1.5270253176 -0.0668180984
0.5623207229 0.4757346312
-0.2078469858 -0.2033735917
-1.5270253176 -0.0668180984
0.5623207229 0.4757346312
-0.2078469858 -0.2033735917
-1.5270253176 -0.0668180984
0.5623207229 0.4757346312
-0.2078469858 -0.2033735917
-1.5270253176 -0.0668180984
0.5623207229 0.4757346312
-0.2078469858 -0.2033735917
-1.5270253176 -0.0668180984
0.5623207229 0.4757346312
-0.2078469858 -0.2033735917
-1.5270253176 -0.0668180984
0.5623207229 0.4757346312
-0.2078469858 -0.2033735917
-1.5270253176 -0.0668180984
0.5623207229 0.4757346312
-0.2078469858 -0.2033735917
-1.5270253176 -0.0668180984
0.5623207229 0.4757346312
-0.2078469858 -0.2033735917
-1.5270253176 -0.0668180984
0.5623207229 0.4757346312
-0.2078469858 -0.2033735917
-1.5270253176 -0.0668180984
0.5623207229 0.4757346312
-0.2078469858 -0.2033735917
-1.5270253176 -0.0668180984
0.5623207229 0.4757346312
-0.2078469858 -0.2033735917
-1.5270253176 -0.0668180984
0.5623207229 0.4757346312
-0.2078469858 -0.2033735917
-1.5270253176 -0.0668180984
0.5623207229 0.4757346312
-0.2078469858 -0.2033735917
-1.5270253176 -0.0668180984
0.5623207229 0.4757346312
-0.2078469858 -0.2033735917
-1.5270253176 -0.0668180984
0.5623207229 0.4757346312
-0.2078469858 -0.2033735917
-1.5270253176 -0.0668180984
0.5623207229 0.4757346312
-0.2078469858 -0.2033735917
-1.5270253176 -0.0668180984
0.5623207229 0.4757346312
-0.2078469858 -0.2033735917
-1.5270253176 -0.0668180984
0.5623207229 0.4757346312
-0.2078469858 -0.2033735917
-1.5270253176 -0.0668180984
0.5623207229 0.4757346312
-0.2078469858 -0.2033735917
-1.5270253176 -0.0668180984
0.5623207229 0.4757346312
-0.2078469858 -0.2033735917
-1.5270253176 -0.0668180984
0.5623207229 0.4757346312
-0.2078469858 -0.2033735917
-1.5270253176 -0.0668180984
0.5623207229 0.4757346312
-0.2078469858 -0.2033735917
-1.5270253176 -0.0668180984
0.5623207229 0.4757346312
-0.2078469858 -0.2033735917
-1.5270253176 -0.0668180984
0.5623207229 0.4757346312
-0.2078469858 -0.2033735917
-1.5270253176 -0.0668180984
0.5623207229 0.4757346312
-0.2078469858 -0.2033735917
-1.5270253176 -0.0668180984
0.5623207229 0.4757346312
-0.2078469858 -0.2033735917
-1.5270253176 -0.0668180984
0.5623207229 0.4757346312
-0.2078469858 -0.2033735917
-1.5270253176 -0.0668180984
0.5623207229 0.4757346312
-0.2078469858 -0.2033735917
-1.5270253176 -0.0668180984
0.5623207229 0.4757346312
-0.2078469858 -0.2033735917
-1.5270253176 -0.0668180984
0.5623207229 0.4757346312
-0.2078469858 -0.2033735917
-1.5270253176 -0.0668180984
0.5623207229 0.4757346312
-0.2078469858 -0.2033735917
-1.5270253176 -0.0668180984
0.5623207229 0.4757346312
-0.2078469858 -0.2033735917
-1.5270253176 -0.0668180984
0.5623207229 0.4757346312
-0.2078469858 -0.2033735917
-1.5270253176 -0.0668180984
0.5623207229 0.4757346312
-0.2078469858 -0.2033735917
-1.5270253176 -0.0668180984
0.5623207229 0.4757346312
-0.2078469858 -0.2033735917
-1.5270253176 -0.0668180984
0.5623207229 0.4757346312
-0.2078469858 -0.2033735917
-1.5270253176 -0.0668180984
0.5623207229 0.4757346312
-0.2078469858 -0.2033735917
-1.5270253176 -0.0668180984
0.5623207229 0.4757346312
-0.2078469858 -0.2033735917
-1.5270253176 -0.0668180984
0.5623207229 0.4757346312
-0.2078469858 -0.2033735917
-1.5270253176 -0.0668180984
0.5623207229 0.4757346312
-0.2078469858 -0.2033735917
-1.5270253176 -0.0668180984
0.5623207229 0.4757346312
-0.2078469858 -0.2033735917
-1.5270253176 -0.0668180984
0.5623207229 0.4757346312
-0.2078469858 -0.2033735917
-1.5270253176 -0.0668180984
0.5623207229 0.4757346312
-0.2078469858 -0.2033735917
-1.5270253176 -0.0668180984
0.5623207229 0.4757346312
-0.2078469858 -0.2033735917
-1.5270253176 -0.0668180984
0.5623207229 0.4757346312
-0.2078469858 -0.2033735917
-1.5270253176 -0.0668180984
0.5623207229 0.4757346312
-0.2078469858 -0.2033735917
-1.5270253176 -0.0668180984
0.5623207229 0.4757346312
-0.2078469858 -0.2033735917
-1.5270253176 -0.0668180984
0.5623207229 0.4757346312
-0.2078469858 -0.2033735917
