-2.4423713668 1.8692533338
-2.2086406354 1.3151681609
-1.9716560868 0.7693600984
-1.7510996057 0.3140210924
-1.5608954967 -0.0154539086
-1.4058036643 -0.2308963538
-1.2835569503 -0.3636391136
-1.1887906145 -0.4431601663
-1.1157587331 -0.4903715922
-1.0594859260 -0.5184281539
-1.0160197765 -0.5351918484
-0.9823315877 -0.5452771924
-0.9561303152 -0.5513866775
-0.9356862796 -0.5551109561
-0.9196895446 -0.5573935994
-0.9071429091 -0.5587990572
-0.8972828918 -0.5596676912
-0.8895217225 -0.5602062020
-0.8834046491 -0.5605408871
-0.8785783145 -0.5607493130
-0.8747671453 -0.5608793203
-0.8717555767 -0.5609605181
-0.8693745633 -0.5610112835
-0.8674912705 -0.5610430485
-0.8660011456 -0.5610629374
-0.8648217873 -0.5610753969
-0.8638881830 -0.5610832055
-0.8631489954 -0.5610881008
-0.8625636589 -0.5610911706
-0.8621001014 -0.5610930959
-0.8617329553 -0.5610943038
-0.8614421491 -0.5610950615
-0.8612117971 -0.5610955370
-0.8610293240 -0.5610958354
-0.8608847732 -0.5610960226
-0.8607702605 -0.5610961401
-0.8606795419 -0.5610962139
-0.8606076722 -0.5610962602
-0.8605507343 -0.5610962892
-0.8605056254 -0.5610963075
-0.8604698878 -0.5610963189
-0.8604415744 -0.5610963261
-0.8604191427 -0.5610963306
-0.8604013709 -0.5610963334
-0.8603872908 -0.5610963352
-0.8603761356 -0.5610963363
-0.8603672976 -0.5610963370
-0.8603602956 -0.5610963375
-0.8603547480 -0.5610963377
-0.8603503528 -0.5610963379
-0.8603468706 -0.5610963380
-0.8603441117 -0.5610963381
-0.8603419259 -0.5610963381
-0.8603401941 -0.5610963381
-0.8603388221 -0.5610963382
-0.8603377351 -0.5610963382
-0.8603368739 -0.5610963382
-0.8603361915 -0.5610963382
-0.8603356509 -0.5610963382
-0.8603352226 -0.5610963382
-0.8603348833 -0.5610963382
-0.8603346144 -0.5610963382
-0.8603344014 -0.5610963382
-0.8603342327 -0.5610963382
-0.8603340990 -0.5610963382
-0.8603339930 -0.5610963382
