0.7557628633 0.5500053277
0.7536687324 0.5495625782
0.7515343952 0.5491026723
0.7493591554 0.5486249786
0.7471423076 0.5481288447
0.7448831382 0.5476135962
0.7425809247 0.5470785368
0.7402349363 0.5465229474
0.7378444339 0.5459460853
0.7354086699 0.5453471842
0.7329268886 0.5447254532
0.7303983264 0.5440800762
0.7278222115 0.5434102115
0.7251977647 0.5427149912
0.7225241988 0.5419935206
0.7198007197 0.5412448777
0.7170265256 0.5404681124
0.7142008081 0.5396622464
0.7113227519 0.5388262721
0.7083915353 0.5379591526
0.7054063302 0.5370598208
0.7023663027 0.5361271792
0.6992706134 0.5351600991
0.6961184175 0.5341574204
0.6929088654 0.5331179513
0.6896411028 0.5320404675
0.6863142715 0.5309237121
0.6829275094 0.5297663952
0.6794799514 0.5285671936
0.6759707296 0.5273247507
0.6723989736 0.5260376758
0.6687638118 0.5247045446
0.6650643709 0.5233238988
0.6612997776 0.5218942458
0.6574691584 0.5204140591
0.6535716406 0.5188817781
0.6496063531 0.5172958086
0.6455724267 0.5156545226
0.6414689955 0.5139562589
0.6372951971 0.5121993234
0.6330501737 0.5103819895
0.6287330730 0.5085024990
0.6243430489 0.5065590625
0.6198792627 0.5045498601
0.6153408840 0.5024730429
0.6107270915 0.5003267333
0.6060370743 0.4981090268
0.6012700329 0.4958179928
0.5964251803 0.4934516763
0.5915017433 0.4910080998
0.5864989636 0.4884852643
0.5814160989 0.4858811518
0.5762524245 0.4831937272
0.5710072344 0.4804209407
0.5656798428 0.4775607297
0.5602695855 0.4746110219
0.5547758210 0.4715697381
0.5491979324 0.4684347947
0.5435353289 0.4652041074
0.5377874468 0.4618755942
0.5319537518 0.4584471789
0.5260337400 0.4549167955
0.5200269401 0.4512823913
0.5139329143 0.4475419316
0.5077512607 0.4436934040
0.5014816148 0.4397348229
0.4951236508 0.4356642343
0.4886770839 0.4314797206
0.4821416718 0.4271794063
0.4755172164 0.4227614628
0.4688035658 0.4182241140
0.4620006156 0.4135656424
0.4551083112 0.4087843946
0.4481266492 0.4038787874
0.4410556794 0.3988473141
0.4338955062 0.3936885506
0.4266462905 0.3884011619
0.4193082514 0.3829839086
0.4118816679 0.3774356536
0.4043668801 0.3717553682
0.3967642914 0.3659421393
0.3890743694 0.3599951758
0.3812976477 0.3539138152
0.3734347272 0.3476975304
0.3654862773 0.3413459359
0.3574530373 0.3348587941
0.3493358174 0.3282360222
0.3411354999 0.3214776975
0.3328530400 0.3145840637
0.3244894669 0.3075555364
0.3160458840 0.3003927087
0.3075234702 0.2930963558
0.2989234800 0.2856674400
0.2902472439 0.2781071149
0.2814961685 0.2704167293
0.2726717369 0.2625978309
0.2637755085 0.2546521686
0.2548091185 0.2465816957
0.2457742779 0.2383885711
0.2366727726 0.2300751611
0.2275064631 0.2216440396
0.2182772831 0.2130979886
0.2089872390 0.2044399971
0.1996384080 0.1956732600
0.1902329372 0.1868011762
0.1807730420 0.1778273456
0.1712610040 0.1687555657
0.1616991692 0.1595898277
0.1520899460 0.1503343111
0.1424358028 0.1409933781
0.1327392654 0.1315715676
0.1230029149 0.1220735878
0.1132293841 0.1125043083
0.1034213552 0.1028687518
0.0935815567 0.0931720850
0.0837127596 0.0834196086
0.0738177747 0.0736167471
0.0638994488 0.0637690380
0.0539606612 0.0538821202
0.0440043198 0.0439617221
0.0340333577 0.0340136497
0.0240507289 0.0240437733
0.0140594048 0.0140580153
0.0040623697 0.0040623362
-0.0059373827 -0.0059372781
-0.0159368540 -0.0159348302
-0.0259330443 -0.0259243246
-0.0359229574 -0.0358997814
-0.0459036040 -0.0458552498
-0.0558720062 -0.0557848216
-0.0658252012 -0.0656826438
-0.0757602460 -0.0755429327
-0.0856742204 -0.0853599852
-0.0955642315 -0.0951281923
-0.1054274174 -0.1048420501
-0.1152609505 -0.1144961719
-0.1250620417 -0.1240852984
-0.1348279432 -0.1336043087
-0.1445559525 -0.1430482295
-0.1542434150 -0.1524122448
-0.1638877274 -0.1616917037
-0.1734863406 -0.1708821287
-0.1830367625 -0.1799792225
-0.1925365604 -0.1889788745
-0.2019833635 -0.1978771663
-0.2113748652 -0.2066703765
-0.2207088254 -0.2153549849
-0.2299830719 -0.2239276761
-0.2391955027 -0.2323853416
-0.2483440869 -0.2407250822
-0.2574268669 -0.2489442090
-0.2664419588 -0.2570402440
-0.2753875538 -0.2650109195
-0.2842619191 -0.2728541779
-0.2930633983 -0.2805681700
-0.3017904121 -0.2881512525
-0.3104414584 -0.2956019862
-0.3190151130 -0.3029191321
-0.3275100287 -0.3101016484
-0.3359249362 -0.3171486857
-0.3442586428 -0.3240595831
-0.3525100328 -0.3308338630
-0.3606780665 -0.3374712257
-0.3687617794 -0.3439715440
-0.3767602819 -0.3503348574
-0.3846727579 -0.3565613658
-0.3924984637 -0.3626514232
-0.4002367275 -0.3686055315
-0.4078869475 -0.3744243335
-0.4154485908 -0.3801086065
-0.4229211922 -0.3856592552
-0.4303043526 -0.3910773052
-0.4375977374 -0.3963638960
-0.4448010750 -0.4015202741
-0.4519141551 -0.4065477864
-0.4589368274 -0.4114478731
-0.4658689991 -0.4162220616
-0.4727106340 -0.4208719594
-0.4794617503 -0.4253992480
-0.4861224186 -0.4298056765
-0.4926927607 -0.4340930556
-0.4991729473 -0.4382632512
-0.5055631963 -0.4423181793
-0.5118637710 -0.4462597996
-0.5180749783 -0.4500901107
-0.5241971670 -0.4538111444
-0.5302307257 -0.4574249611
-0.5361760812 -0.4609336445
-0.5420336968 -0.4643392977
-0.5478040706 -0.4676440378
-0.5534877334 -0.4708499928
-0.5590852475 -0.4739592969
-0.5645972048 -0.4769740870
-0.5700242250 -0.4798964990
-0.5753669543 -0.4827286650
-0.5806260639 -0.4854727092
-0.5858022480 -0.4881307460
-0.5908962227 -0.4907048767
-0.5959087245 -0.4931971870
-0.6008405088 -0.4956097446
-0.6056923486 -0.4979445974
-0.6104650331 -0.5002037709
-0.6151593664 -0.5023892671
-0.6197761662 -0.5045030622
-0.6243162628 -0.5065471051
-0.6287804978 -0.5085233167
-0.6331697229 -0.5104335880
-0.6374847988 -0.5122797791
-0.6417265943 -0.5140637187
-0.6458959853 -0.5157872027
-0.6499938536 -0.5174519938
-0.6540210862 -0.5190598209
-0.6579785741 -0.5206123786
-0.6618672121 -0.5221113265
-0.6656878970 -0.5235582893
-0.6694415278 -0.5249548563
-0.6731290042 -0.5263025815
-0.6767512265 -0.5276029832
-0.6803090945 -0.5288575444
-0.6838035067 -0.5300677126
-0.6872353604 -0.5312348999
-0.6906055505 -0.5323604835
-0.6939149690 -0.5334458054
-0.6971645049 -0.5344921733
-0.7003550432 -0.5355008606
-0.7034874648 -0.5364731067
-0.7065626457 -0.5374101175
-0.7095814570 -0.5383130661
-0.7125447644 -0.5391830927
-0.7154534276 -0.5400213056
-0.7183083001 -0.5408287814
-0.7211102291 -0.5416065658
-0.7238600547 -0.5423556738
-0.7265586103 -0.5430770906
-0.7292067218 -0.5437717720
-0.7318052075 -0.5444406451
-0.7343548780 -0.5450846087
-0.7368565361 -0.5457045341
-0.7393109761 -0.5463012656
-0.7417189844 -0.5468756212
-0.7440813386 -0.5474283931
-0.7463988080 -0.5479603485
-0.7486721529 -0.5484722298
-0.7509021250 -0.5489647557
-0.7530894672 -0.5494386217
-0.7552349130 -0.5498945002
-0.7573391872 -0.5503330420
-0.7594030053 -0.5507548759
-0.7614270739 -0.5511606102
-0.7634120900 -0.5515508324
-0.7653587416 -0.5519261106
-0.7672677075 -0.5522869935
-0.7691396571 -0.5526340111
-0.7709752507 -0.5529676753
-0.7727751391 -0.5532884804
-0.7745399642 -0.5535969037
-0.7762703582 -0.5538934057
-0.7779669446 -0.5541784311
-0.7796303374 -0.5544524089
-0.7812611416 -0.5547157530
-0.7828599530 -0.5549688627
-0.7844273585 -0.5552121232
-0.7859639360 -0.5554459060
-0.7874702543 -0.5556705691
-0.7889468735 -0.5558864579
-0.7903943449 -0.5560939053
-0.7918132108 -0.5562932323
-0.7932040051 -0.5564847479
-0.7945672530 -0.5566687503
-0.7959034712 -0.5568455266
-0.7972131680 -0.5570153535
-0.7984968432 -0.5571784973
-0.7997549885 -0.5573352149
-0.8009880872 -0.5574857535
-0.8021966147 -0.5576303511
-0.8033810383 -0.5577692369
-0.8045418173 -0.5579026318
-0.8056794033 -0.5580307482
-0.8067942401 -0.5581537907
-0.8078867638 -0.5582719562
-0.8089574029 -0.5583854342
-0.8100065787 -0.5584944071
-0.8110347049 -0.5585990504
-0.8120421879 -0.5586995330
-0.8130294272 -0.5587960173
-0.8139968149 -0.5588886598
-0.8149447364 -0.5589776107
-0.8158735699 -0.5590630147
-0.8167836871 -0.5591450111
-0.8176754530 -0.5592237335
-0.8185492257 -0.5592993107
-0.8194053572 -0.5593718666
-0.8202441929 -0.5594415200
-0.8210660719 -0.5595083854
-0.8218713270 -0.5595725729
-0.8226602851 -0.5596341882
-0.8234332670 -0.5596933330
-0.8241905874 -0.5597501052
-0.8249325554 -0.5598045986
-0.8256594742 -0.5598569036
-0.8263716414 -0.5599071069
-0.8270693491 -0.5599552922
-0.8277528839 -0.5600015394
-0.8284225269 -0.5600459257
-0.8290785540 -0.5600885252
-0.8297212360 -0.5601294089
-0.8303508383 -0.5601686453
-0.8309676216 -0.5602063000
-0.8315718413 -0.5602424362
-0.8321637483 -0.5602771145
-0.8327435884 -0.5603103931
-0.8333116028 -0.5603423281
-0.8338680283 -0.5603729731
-0.8344130968 -0.5604023797
-0.8349470359 -0.5604305977
-0.8354700689 -0.5604576746
-0.8359824147 -0.5604836561
-0.8364842879 -0.5605085863
-0.8369758992 -0.5605325073
-0.8374574548 -0.5605554597
-0.8379291573 -0.5605774823
-0.8383912051 -0.5605986126
-0.8388437929 -0.5606188864
-0.8392871114 -0.5606383382
-0.8397213479 -0.5606570012
-0.8401466856 -0.5606749070
-0.8405633045 -0.5606920862
-0.8409713809 -0.5607085680
-0.8413710876 -0.5607243807
-0.8417625941 -0.5607395512
-0.8421460664 -0.5607541053
-0.8425216674 -0.5607680681
-0.8428895567 -0.5607814634
-0.8432498908 -0.5607943141
-0.8436028230 -0.5608066423
-0.8439485037 -0.5608184690
-0.8442870803 -0.5608298146
-0.8446186970 -0.5608406985
-0.8449434956 -0.5608511395
-0.8452616147 -0.5608611554
-0.8455731903 -0.5608707634
-0.8458783556 -0.5608799802
-0.8461772413 -0.5608888216
-0.8464699754 -0.5608973027
-0.8467566833 -0.5609054382
-0.8470374879 -0.5609132421
-0.8473125097 -0.5609207279
-0.8475818668 -0.5609279085
-0.8478456748 -0.5609347963
-0.8481040471 -0.5609414031
-0.8483570949 -0.5609477405
-0.8486049269 -0.5609538192
-0.8488476498 -0.5609596499
-0.8490853682 -0.5609652427
-0.8493181844 -0.5609706071
-0.8495461989 -0.5609757526
-0.8497695099 -0.5609806879
-0.8499882139 -0.5609854217
-0.8502024051 -0.5609899621
-0.8504121761 -0.5609943171
-0.8506176175 -0.5609984942
-0.8508188182 -0.5610025006
-0.8510158650 -0.5610063432
-0.8512088433 -0.5610100288
-0.8513978364 -0.5610135638
-0.8515829264 -0.5610169542
-0.8517641932 -0.5610202061
-0.8519417154 -0.5610233249
-0.8521155700 -0.5610263162
-0.8522858323 -0.5610291852
-0.8524525761 -0.5610319368
-0.8526158738 -0.5610345759
-0.8527757963 -0.5610371070
-0.8529324129 -0.5610395345
-0.8530857917 -0.5610418627
-0.8532359992 -0.5610440956
-0.8533831009 -0.5610462371
-0.8535271605 -0.5610482910
-0.8536682407 -0.5610502607
-0.8538064030 -0.5610521499
-0.8539417072 -0.5610539617
-0.8540742124 -0.5610556993
-0.8542039763 -0.5610573657
-0.8543310552 -0.5610589639
-0.8544555045 -0.5610604967
-0.8545773785 -0.5610619666
-0.8546967303 -0.5610633764
-0.8548136117 -0.5610647283
-0.8549280739 -0.5610660249
-0.8550401666 -0.5610672684
-0.8551499389 -0.5610684609
-0.8552574384 -0.5610696046
-0.8553627123 -0.5610707014
-0.8554658062 -0.5610717532
-0.8555667654 -0.5610727619
-0.8556656338 -0.5610737293
-0.8557624547 -0.5610746570
-0.8558572702 -0.5610755467
-0.8559501218 -0.5610763999
-0.8560410501 -0.5610772182
-0.8561300948 -0.5610780028
-0.8562172948 -0.5610787553
-0.8563026882 -0.5610794770
-0.8563863124 -0.5610801690
-0.8564682039 -0.5610808327
-0.8565483985 -0.5610814692
-0.8566269314 -0.5610820795
-0.8567038368 -0.5610826648
-0.8567791484 -0.5610832261
-0.8568528991 -0.5610837644
-0.8569251213 -0.5610842806
-0.8569958466 -0.5610847757
-0.8570651059 -0.5610852504
-0.8571329295 -0.5610857056
-0.8571993471 -0.5610861422
-0.8572643878 -0.5610865608
-0.8573280802 -0.5610869623
-0.8573904520 -0.5610873473
-0.8574515307 -0.5610877165
-0.8575113430 -0.5610880705
-0.8575699151 -0.5610884100
-0.8576272726 -0.5610887356
-0.8576834408 -0.5610890478
-0.8577384442 -0.5610893472
-0.8577923070 -0.5610896343
-0.8578450527 -0.5610899096
-0.8578967045 -0.5610901737
-0.8579472851 -0.5610904269
-0.8579968165 -0.5610906696
-0.8580453207 -0.5610909025
-0.8580928187 -0.5610911257
-0.8581393316 -0.5610913398
-0.8581848796 -0.5610915451
-0.8582294828 -0.5610917420
-0.8582731607 -0.5610919308
-0.8583159325 -0.5610921119
-0.8583578170 -0.5610922855
-0.8583988326 -0.5610924520
-0.8584389972 -0.5610926116
-0.8584783285 -0.5610927647
-0.8585168438 -0.5610929115
-0.8585545600 -0.5610930523
-0.8585914936 -0.5610931873
-0.8586276609 -0.5610933167
-0.8586630777 -0.5610934409
-0.8586977596 -0.5610935599
-0.8587317218 -0.5610936740
-0.8587649793 -0.5610937835
-0.8587975467 -0.5610938885
-0.8588294382 -0.5610939891
-0.8588606679 -0.5610940856
-0.8588912495 -0.5610941782
-0.8589211964 -0.5610942669
-0.8589505219 -0.5610943520
-0.8589792387 -0.5610944336
-0.8590073595 -0.5610945119
-0.8590348967 -0.5610945869
-0.8590618623 -0.5610946589
-0.8590882683 -0.5610947279
-0.8591141261 -0.5610947941
-0.8591394473 -0.5610948575
-0.8591642429 -0.5610949184
-0.8591885238 -0.5610949767
-0.8592123008 -0.5610950327
-0.8592355841 -0.5610950863
-0.8592583842 -0.5610951378
-0.8592807110 -0.5610951871
-0.8593025743 -0.5610952344
-0.8593239838 -0.5610952798
-0.8593449488 -0.5610953233
-0.8593654786 -0.5610953650
-0.8593855823 -0.5610954050
-0.8594052686 -0.5610954433
-0.8594245462 -0.5610954801
-0.8594434236 -0.5610955154
-0.8594619091 -0.5610955492
-0.8594800108 -0.5610955816
-0.8594977367 -0.5610956127
-0.8595150946 -0.5610956425
-0.8595320921 -0.5610956711
-0.8595487368 -0.5610956985
-0.8595650358 -0.5610957248
-0.8595809965 -0.5610957500
-0.8595966258 -0.5610957742
-0.8596119305 -0.5610957974
-0.8596269176 -0.5610958196
-0.8596415934 -0.5610958409
-0.8596559645 -0.5610958614
-0.8596700373 -0.5610958810
-0.8596838178 -0.5610958997
-0.8596973122 -0.5610959178
-0.8597105264 -0.5610959350
-0.8597234662 -0.5610959516
-0.8597361374 -0.5610959675
-0.8597485454 -0.5610959827
-0.8597606958 -0.5610959974
-0.8597725939 -0.5610960114
-0.8597842449 -0.5610960248
-0.8597956540 -0.5610960377
-0.8598068262 -0.5610960500
-0.8598177664 -0.5610960619
-0.8598284794 -0.5610960732
-0.8598389700 -0.5610960841
-0.8598492427 -0.5610960946
-0.8598593021 -0.5610961046
-0.8598691526 -0.5610961142
-0.8598787985 -0.5610961234
-0.8598882442 -0.5610961322
-0.8598974936 -0.5610961407
-0.8599065510 -0.5610961488
-0.8599154204 -0.5610961566
-0.8599241055 -0.5610961641
-0.8599326102 -0.5610961712
-0.8599409384 -0.5610961781
-0.8599490936 -0.5610961847
-0.8599570794 -0.5610961910
-0.8599648994 -0.5610961970
-0.8599725570 -0.5610962028
-0.8599800556 -0.5610962084
-0.8599873984 -0.5610962137
-0.8599945888 -0.5610962188
-0.8600016298 -0.5610962237
-0.8600085246 -0.5610962285
-0.8600152762 -0.5610962330
-0.8600218876 -0.5610962373
-0.8600283617 -0.5610962414
-0.8600347013 -0.5610962454
-0.8600409092 -0.5610962492
-0.8600469883 -0.5610962529
-0.8600529411 -0.5610962564
-0.8600587702 -0.5610962598
-0.8600644783 -0.5610962630
-0.8600700678 -0.5610962661
-0.8600755413 -0.5610962690
-0.8600809011 -0.5610962719
-0.8600861495 -0.5610962746
-0.8600912890 -0.5610962772
-0.8600963217 -0.5610962797
-0.8601012499 -0.5610962821
-0.8601060757 -0.5610962844
-0.8601108013 -0.5610962866
-0.8601154288 -0.5610962888
-0.8601199601 -0.5610962908
-0.8601243974 -0.5610962927
-0.8601287425 -0.5610962946
-0.8601329973 -0.5610962964
-0.8601371638 -0.5610962981
-0.8601412437 -0.5610962998
-0.8601452389 -0.5610963013
-0.8601491511 -0.5610963029
-0.8601529820 -0.5610963043
-0.8601567334 -0.5610963057
-0.8601604069 -0.5610963070
-0.8601640041 -0.5610963083
-0.8601675265 -0.5610963096
-0.8601709758 -0.5610963107
-0.8601743535 -0.5610963119
-0.8601776610 -0.5610963129
-0.8601808998 -0.5610963140
-0.8601840713 -0.5610963150
-0.8601871770 -0.5610963159
-0.8601902181 -0.5610963168
-0.8601931961 -0.5610963177
-0.8601961123 -0.5610963186
-0.8601989678 -0.5610963194
-0.8602017641 -0.5610963201
-0.8602045023 -0.5610963209
-0.8602071836 -0.5610963216
-0.8602098092 -0.5610963223
-0.8602123802 -0.5610963229
-0.8602148979 -0.5610963236
-0.8602173633 -0.5610963242
-0.8602197775 -0.5610963247
-0.8602221415 -0.5610963253
-0.8602244564 -0.5610963258
-0.8602267233 -0.5610963263
-0.8602289430 -0.5610963268
-0.8602311167 -0.5610963273
-0.8602332452 -0.5610963277
-0.8602353295 -0.5610963282
-0.8602373705 -0.5610963286
-0.8602393691 -0.5610963290
-0.8602413262 -0.5610963294
-0.8602432426 -0.5610963297
-0.8602451193 -0.5610963301
-0.8602469569 -0.5610963304
-0.8602487564 -0.5610963307
-0.8602505185 -0.5610963310
-0.8602522440 -0.5610963313
-0.8602539337 -0.5610963316
-0.8602555883 -0.5610963319
-0.8602572085 -0.5610963321
-0.8602587950 -0.5610963324
-0.8602603486 -0.5610963326
-0.8602618699 -0.5610963328
-0.8602633597 -0.5610963331
-0.8602648185 -0.5610963333
-0.8602662469 -0.5610963335
-0.8602676457 -0.5610963337
-0.8602690155 -0.5610963339
-0.8602703568 -0.5610963340
-0.8602716703 -0.5610963342
-0.8602729564 -0.5610963344
-0.8602742159 -0.5610963345
-0.8602754491 -0.5610963347
-0.8602766568 -0.5610963348
-0.8602778394 -0.5610963350
-0.8602789974 -0.5610963351
-0.8602801314 -0.5610963352
-0.8602812418 -0.5610963353
-0.8602823291 -0.5610963355
-0.8602833939 -0.5610963356
-0.8602844366 -0.5610963357
-0.8602854575 -0.5610963358
-0.8602864573 -0.5610963359
-0.8602874363 -0.5610963360
-0.8602883950 -0.5610963361
-0.8602893338 -0.5610963362
-0.8602902530 -0.5610963362
-0.8602911532 -0.5610963363
-0.8602920347 -0.5610963364
-0.8602928978 -0.5610963365
-0.8602937431 -0.5610963365
-0.8602945708 -0.5610963366
-0.8602953812 -0.5610963367
-0.8602961749 -0.5610963367
-0.8602969521 -0.5610963368
-0.8602977131 -0.5610963369
-0.8602984583 -0.5610963369
-0.8602991880 -0.5610963370
-0.8602999026 -0.5610963370
-0.8603006023 -0.5610963371
-0.8603012875 -0.5610963371
-0.8603019585 -0.5610963372
-0.8603026155 -0.5610963372
-0.8603032589 -0.5610963372
-0.8603038889 -0.5610963373
-0.8603045058 -0.5610963373
-0.8603051100 -0.5610963373
-0.8603057015 -0.5610963374
-0.8603062808 -0.5610963374
-0.8603068480 -0.5610963374
-0.8603074035 -0.5610963375
-0.8603079474 -0.5610963375
-0.8603084801 -0.5610963375
-0.8603090016 -0.5610963376
-0.8603095124 -0.5610963376
-0.8603100125 -0.5610963376
-0.8603105022 -0.5610963376
-0.8603109818 -0.5610963377
-0.8603114514 -0.5610963377
-0.8603119112 -0.5610963377
-0.8603123615 -0.5610963377
-0.8603128024 -0.5610963377
-0.8603132342 -0.5610963378
-0.8603136570 -0.5610963378
-0.8603140711 -0.5610963378
-0.8603144765 -0.5610963378
-0.8603148735 -0.5610963378
-0.8603152623 -0.5610963378
-0.8603156429 -0.5610963379
-0.8603160157 -0.5610963379
-0.8603163807 -0.5610963379
-0.8603167382 -0.5610963379
-0.8603170882 -0.5610963379
-0.8603174310 -0.5610963379
-0.8603177666 -0.5610963379
-0.8603180953 -0.5610963379
-0.8603184171 -0.5610963380
-0.8603187323 -0.5610963380
-0.8603190409 -0.5610963380
-0.8603193431 -0.5610963380
-0.8603196390 -0.5610963380
-0.8603199288 -0.5610963380
-0.8603202125 -0.5610963380
-0.8603204904 -0.5610963380
-0.8603207625 -0.5610963380
-0.8603210289 -0.5610963380
-0.8603212898 -0.5610963380
-0.8603215453 -0.5610963380
-0.8603217954 -0.5610963380
-0.8603220404 -0.5610963381
-0.8603222803 -0.5610963381
-0.8603225152 -0.5610963381
-0.8603227452 -0.5610963381
-0.8603229705 -0.5610963381
-0.8603231911 -0.5610963381
-0.8603234070 -0.5610963381
-0.8603236185 -0.5610963381
-0.8603238257 -0.5610963381
-0.8603240285 -0.5610963381
-0.8603242271 -0.5610963381
-0.8603244215 -0.5610963381
-0.8603246119 -0.5610963381
-0.8603247984 -0.5610963381
-0.8603249810 -0.5610963381
-0.8603251598 -0.5610963381
-0.8603253349 -0.5610963381
-0.8603255064 -0.5610963381
-0.8603256743 -0.5610963381
-0.8603258387 -0.5610963381
-0.8603259997 -0.5610963381
-0.8603261573 -0.5610963381
-0.8603263117 -0.5610963381
-0.8603264629 -0.5610963381
-0.8603266109 -0.5610963381
-0.8603267558 -0.5610963381
-0.8603268978 -0.5610963381
-0.8603270368 -0.5610963381
-0.8603271729 -0.5610963381
-0.8603273061 -0.5610963382
-0.8603274366 -0.5610963382
-0.8603275644 -0.5610963382
-0.8603276896 -0.5610963382
-0.8603278121 -0.5610963382
-0.8603279321 -0.5610963382
-0.8603280496 -0.5610963382
-0.8603281647 -0.5610963382
-0.8603282774 -0.5610963382
-0.8603283877 -0.5610963382
-0.8603284958 -0.5610963382
-0.8603286016 -0.5610963382
-0.8603287052 -0.5610963382
-0.8603288066 -0.5610963382
