0.7557628633 0.5500053277
0.6070795669 0.4986050972
0.2698323532 0.2600686312
-0.3634070099 -0.3396733314
-0.9353221265 -0.5551690652
-0.8223050496 -0.5596066013
-0.8776975745 -0.5607820650
-0.8519513743 -0.5610234928
-0.8642808796 -0.5610801422
-0.8584521327 -0.5610926631
-0.8612253074 -0.5610955122
-0.8599098120 -0.5610961517
-0.8605347253 -0.5610962962
-0.8602380660 -0.5610963287
-0.8603789414 -0.5610963361
-0.8603120537 -0.5610963377
-0.8603438143 -0.5610963381
-0.8603287338 -0.5610963382
-0.8603358944 -0.5610963382
-0.8603324944 -0.5610963382
-0.8603341088 -0.5610963382
-0.8603333422 -0.5610963382
-0.8603337062 -0.5610963382
-0.8603335334 -0.5610963382
