0 0.7557628633 2.1064439007 0.5500053277
1 0.6070795669 2.1064439007 0.4986050972
2 0.2698323532 2.1064439007 0.2600686312
3 -0.3634070099 2.1064439007 -0.3396733314
4 -0.9353221265 2.1064439007 -0.5551690652
5 -0.8223050496 2.1064439007 -0.5596066013
6 -0.8776975745 2.1064439007 -0.5607820650
7 -0.8519513743 2.1064439007 -0.5610234928
8 -0.8642808796 2.1064439007 -0.5610801422
9 -0.8584521327 2.1064439007 -0.5610926631
10 -0.8612253074 2.1064439007 -0.5610955122
11 -0.8599098120 2.1064439007 -0.5610961517
12 -0.8605347253 2.1064439007 -0.5610962962
13 -0.8602380660 2.1064439007 -0.5610963287
14 -0.8603789414 2.1064439007 -0.5610963361
15 -0.8603120537 2.1064439007 -0.5610963377
16 -0.8603438143 2.1064439007 -0.5610963381
17 -0.8603287338 2.1064439007 -0.5610963382
18 -0.8603358944 2.1064439007 -0.5610963382
19 -0.8603324944 2.1064439007 -0.5610963382
20 -0.8603341088 2.1064439007 -0.5610963382
21 -0.8603333422 2.1064439007 -0.5610963382
22 -0.8603337062 2.1064439007 -0.5610963382
23 -0.8603335334 2.1064439007 -0.5610963382
