0 -7.3692442371 5.1121064439 -3.4338911364
1 -6.7638130650 5.1121064439 -5.9975059339
2 -6.5397681895 5.1121064439 -6.3256745480
3 -6.4705303331 5.1121064439 -6.3573102161
4 -6.4482662538 5.1121064439 -6.3606024380
5 -6.4409409959 5.1121064439 -6.3609596863
6 -6.4385106560 5.1121064439 -6.3609990429
7 -6.4377020301 5.1121064439 -6.3610034011
8 -6.4374327257 5.1121064439 -6.3610038845
9 -6.4373430081 5.1121064439 -6.3610039381
10 -6.4373131159 5.1121064439 -6.3610039441
11 -6.4373031561 5.1121064439 -6.3610039448
12 -6.4372998375 5.1121064439 -6.3610039448
13 -6.4372987317 5.1121064439 -6.3610039448
14 -6.4372983633 5.1121064439 -6.3610039448
15 -6.4372982405 5.1121064439 -6.3610039448
