5.1152572665 2.0054806192
4.6054783046 -0.4914373684
4.1582306872 -2.1881763645
3.8572609472 -2.9109009813
3.6796431040 -3.1597440645
3.5769459959 -3.2432923493
3.5167672708 -3.2721537765
3.4809449722 -3.2824282857
3.4593695691 -3.2861671679
3.4462728834 -3.2875476472
3.4382830743 -3.2880620898
3.4333934498 -3.2882549145
3.4303952307 -3.2883274505
3.4285545569 -3.2883547978
3.4274236813 -3.2883651224
3.4267285722 -3.2883690236
3.4263011920 -3.2883704985
3.4260383761 -3.2883710562
3.4258767410 -3.2883712672
3.4257773268 -3.2883713470
3.4257161793 -3.2883713772
3.4256785678 -3.2883713886
3.4256554329 -3.2883713930
3.4256412024 -3.2883713946
3.4256324490 -3.2883713952
3.4256270647 -3.2883713954
3.4256237527 -3.2883713955
3.4256217154 -3.2883713956
3.4256204623 -3.2883713956
3.4256196914 -3.2883713956
3.4256192173 -3.2883713956
3.4256189256 -3.2883713956
3.4256187462 -3.2883713956
3.4256186359 -3.2883713956
