0 0.7557628633 2.1064439007 0.5500053277
1 0.5861382575 2.1064439007 0.4883018185
2 0.1739602044 2.1064439007 0.1713346306
3 -0.5994256029 2.1064439007 -0.4949216280
4 -0.9942867344 2.1064439007 -0.5419867020
5 -0.7606183101 2.1064439007 -0.5509994379
6 -0.9226692194 2.1064439007 -0.5570102092
7 -0.8158527689 2.1064439007 -0.5590611212
8 -0.8896062269 2.1064439007 -0.5602010253
9 -0.8399132460 2.1064439007 -0.5606651256
10 -0.8740470037 2.1064439007 -0.5609004645
11 -0.8508754684 2.1064439007 -0.5610036135
12 -0.8667415201 2.1064439007 -0.5610536343
13 -0.8559383207 2.1064439007 -0.5610762925
14 -0.8633233132 2.1064439007 -0.5610870488
15 -0.8582882573 2.1064439007 -0.5610919952
16 -0.8617274069 2.1064439007 -0.5610943199
17 -0.8593812199 2.1064439007 -0.5610953964
18 -0.8609831447 2.1064439007 -0.5610958999
19 -0.8598900150 2.1064439007 -0.5610961339
20 -0.8606362445 2.1064439007 -0.5610962430
21 -0.8601269645 2.1064439007 -0.5610962939
22 -0.8604745971 2.1064439007 -0.5610963175
23 -0.8602373341 2.1064439007 -0.5610963286
24 -0.8603992825 2.1064439007 -0.5610963337
25 -0.8602887480 2.1064439007 -0.5610963361
26 -0.8603641940 2.1064439007 -0.5610963372
27 -0.8603126992 2.1064439007 -0.5610963377
28 -0.8603478470 2.1064439007 -0.5610963380
29 -0.8603238572 2.1064439007 -0.5610963381
30 -0.8603402314 2.1064439007 -0.5610963381
31 -0.8603290553 2.1064439007 -0.5610963382
32 -0.8603366835 2.1064439007 -0.5610963382
33 -0.8603314769 2.1064439007 -0.5610963382
34 -0.8603350306 2.1064439007 -0.5610963382
35 -0.8603326050 2.1064439007 -0.5610963382
36 -0.8603342606 2.1064439007 -0.5610963382
37 -0.8603331306 2.1064439007 -0.5610963382
38 -0.8603339019 2.1064439007 -0.5610963382
39 -0.8603333755 2.1064439007 -0.5610963382
40 -0.8603337348 2.1064439007 -0.5610963382
41 -0.8603334895 2.1064439007 -0.5610963382
42 -0.8603336569 2.1064439007 -0.5610963382
43 -0.8603335427 2.1064439007 -0.5610963382
