0 0.7557628633 2.1064439007 0.5500053277
1 0.3557838545 2.1064439007 0.3335024425
2 -1.1978965637 2.1064439007 -0.4364146050
3 0.2369975837 2.1064439007 0.2303728561
4 -1.5133335849 2.1064439007 -0.0869124484
5 1.2626693157 2.1064439007 0.3829352692
6 2.9815305129 2.1064439007 -2.9434187454
7 5.7747381635 2.1064439007 5.0442425877
8 -1.2631681647 2.1064439007 -0.3824860567
9 0.4578736794 2.1064439007 0.4107101479
10 -0.8688030328 2.1064439007 -0.5610217060
11 -0.8351119936 2.1064439007 -0.5604391977
12 -0.9343675897 2.1064439007 -0.5553200213
13 -0.6342815358 2.1064439007 -0.5109122963
14 -1.4548616488 2.1064439007 -0.1682913284
15 1.0843308652 2.1064439007 0.5069293589
16 2.0222061520 2.1064439007 -0.8821562402
17 6.3309414731 2.1064439007 6.3237235098
18 5.0003718524 2.1064439007 1.4201993339
19 -4.6995037900 2.1064439007 0.0605523257
