0.7557628633 0.5500053277
0.5023730200 0.4403010182
-0.2654281562 -0.2561329350
-1.3488046920 -0.2969701331
-0.0232092876 -0.0232030368
-1.2322316728 -0.4092655045
-0.2277535326 -0.2218720440
-1.3442830818 -0.3019007189
-0.0309942532 -0.0309793672
-1.2392509175 -0.4033819529
-0.2152797201 -0.2103103491
-1.3417031736 -0.3046933626
-0.0354432257 -0.0354209658
-1.2431635801 -0.4000532731
-0.2083315163 -0.2038268400
-1.3400307462 -0.3064956872
-0.0383299714 -0.0383018179
-1.2456639416 -0.3979077120
-0.2038933459 -0.1996698305
-1.3388740890 -0.3077384949
-0.0403276814 -0.0402948930
-1.2473765739 -0.3964298286
-0.2008543688 -0.1968164896
-1.3380422700 -0.3086304056
-0.0417649644 -0.0417285441
-1.2485998046 -0.3953701479
-0.1986843059 -0.1947756129
-1.3374284593 -0.3092875584
-0.0428258831 -0.0427866165
-1.2494979188 -0.3945899308
-0.1970912830 -0.1932756557
-1.3369673432 -0.3097806758
-0.0436230645 -0.0435815644
-1.2501700836 -0.3940047926
-0.1958991882 -0.1921522323
-1.3366164481 -0.3101556016
-0.0442297994 -0.0441865436
-1.2506801246 -0.3935600966
-0.1949947101 -0.1912993058
-1.3363468813 -0.3104434407
-0.0446959700 -0.0446513322
-1.2510710965 -0.3932188113
-0.1943014343 -0.1906452232
-1.3361383134 -0.3106660337
-0.0450566897 -0.0450109626
-1.2513730875 -0.3929549589
-0.1937659715 -0.1901398421
-1.3359760658 -0.3108391237
-0.0453373200 -0.0452907331
-1.2516077022 -0.3927498296
-0.1933499928 -0.1897471188
-1.3358493265 -0.3109742913
-0.0455565469 -0.0455092811
-1.2517907835 -0.3925896695
-0.1930253958 -0.1894405993
-1.3357500064 -0.3110801910
-0.0457283539 -0.0456805513
-1.2519341416 -0.3924642058
-0.1927712337 -0.1892005501
-1.3356719792 -0.3111633715
-0.0458633327 -0.0458151056
-1.2520466947 -0.3923656689
-0.1925716906 -0.1890120610
-1.3356105606 -0.3112288368
-0.0459695833 -0.0459210203
-1.2521352462 -0.3922881243
-0.1924147022 -0.1888637532
-1.3355621418 -0.3112804399
-0.0460533472 -0.0460045183
-1.2522050279 -0.3922270037
-0.1922909914 -0.1887468731
-1.3355239254 -0.3113211658
-0.0461194621 -0.0460704226
-1.2522600888 -0.3921787691
-0.1921933792 -0.1886546444
-1.3354937333 -0.3113533381
-0.0461716956 -0.0461224893
-1.2523035779 -0.3921406666
-0.1921162821 -0.1885817954
-1.3354698630 -0.3113787726
-0.0462129927 -0.0461636543
-1.2523379544 -0.3921105449
-0.1920553400 -0.1885242090
-1.3354509797 -0.3113988924
-0.0462456622 -0.0461962191
-1.2523651449 -0.3920867180
-0.1920071376 -0.1884786592
-1.3354360346 -0.3114148155
-0.0462715185 -0.0462219925
-1.2523866620 -0.3920678614
-0.1919689928 -0.1884426127
-1.3354242021 -0.3114274221
-0.0462919900 -0.0462423981
-1.2524036962 -0.3920529326
-0.1919387953 -0.1884140756
-1.3354148312 -0.3114374057
-0.0463082026 -0.0462585587
-1.2524171857 -0.3920411100
-0.1919148819 -0.1883914767
-1.3354074081 -0.3114453141
-0.0463210455 -0.0462713602
-1.2524278706 -0.3920317451
-0.1918959401 -0.1883735760
-1.3354015268 -0.3114515797
-0.0463312207 -0.0462815027
-1.2524363358 -0.3920243256
-0.1918809336 -0.1883593941
-1.3353968665 -0.3114565445
-0.0463392836 -0.0462895396
-1.2524430433 -0.3920184464
-0.1918690429 -0.1883481566
-1.3353931733 -0.3114604790
-0.0463456733 -0.0462959088
-1.2524483588 -0.3920137873
-0.1918596198 -0.1883392513
-1.3353902462 -0.3114635974
-0.0463507376 -0.0463009568
-1.2524525716 -0.3920100947
-0.1918521517 -0.1883321934
-1.3353879261 -0.3114660690
-0.0463547517 -0.0463049579
-1.2524559106 -0.3920071679
-0.1918462324 -0.1883265993
-1.3353860870 -0.3114680282
-0.0463579335 -0.0463081295
-1.2524585573 -0.3920048480
-0.1918415405 -0.1883221650
-1.3353846292 -0.3114695812
-0.0463604557 -0.0463106435
-1.2524606553 -0.3920030090
-0.1918378213 -0.1883186501
-1.3353834736 -0.3114708123
-0.0463624551 -0.0463126365
-1.2524623185 -0.3920015511
-0.1918348730 -0.1883158637
-1.3353825574 -0.3114717883
-0.0463640402 -0.0463142165
-1.2524636369 -0.3920003954
-0.1918325357 -0.1883136548
-1.3353818311 -0.3114725620
-0.0463652967 -0.0463154690
-1.2524646821 -0.3919994793
-0.1918306828 -0.1883119037
-1.3353812554 -0.3114731754
-0.0463662929 -0.0463164619
-1.2524655108 -0.3919987529
-0.1918292139 -0.1883105154
-1.3353807989 -0.3114736617
-0.0463670827 -0.0463172492
-1.2524661677 -0.3919981771
-0.1918280494 -0.1883094148
-1.3353804370 -0.3114740472
-0.0463677088 -0.0463178733
-1.2524666885 -0.3919977206
-0.1918271261 -0.1883085423
-1.3353801501 -0.3114743529
-0.0463682052 -0.0463183681
-1.2524671014 -0.3919973586
-0.1918263942 -0.1883078505
-1.3353799226 -0.3114745952
-0.0463685988 -0.0463187604
-1.2524674287 -0.3919970717
-0.1918258138 -0.1883073021
-1.3353797423 -0.3114747873
-0.0463689108 -0.0463190714
-1.2524676883 -0.3919968442
-0.1918253538 -0.1883068672
-1.3353795993 -0.3114749396
-0.0463691582 -0.0463193180
-1.2524678940 -0.3919966638
-0.1918249890 -0.1883065225
-1.3353794859 -0.3114750604
-0.0463693543 -0.0463195134
-1.2524680572 -0.3919965209
-0.1918246998 -0.1883062492
-1.3353793960 -0.3114751561
-0.0463695098 -0.0463196684
-1.2524681865 -0.3919964075
-0.1918244705 -0.1883060325
-1.3353793248 -0.3114752320
-0.0463696331 -0.0463197913
-1.2524682890 -0.3919963176
-0.1918242888 -0.1883058607
-1.3353792683 -0.3114752922
-0.0463697308 -0.0463198887
-1.2524683703 -0.3919962463
-0.1918241447 -0.1883057245
-1.3353792235 -0.3114753399
-0.0463698083 -0.0463199660
-1.2524684348 -0.3919961898
-0.1918240304 -0.1883056165
-1.3353791880 -0.3114753778
-0.0463698697 -0.0463200272
-1.2524684859 -0.3919961450
-0.1918239398 -0.1883055309
-1.3353791598 -0.3114754077
-0.0463699184 -0.0463200758
-1.2524685264 -0.3919961095
-0.1918238680 -0.1883054630
-1.3353791375 -0.3114754315
-0.0463699570 -0.0463201143
-1.2524685585 -0.3919960814
-0.1918238110 -0.1883054092
-1.3353791198 -0.3114754504
-0.0463699877 -0.0463201448
-1.2524685840 -0.3919960590
-0.1918237659 -0.1883053666
-1.3353791058 -0.3114754653
-0.0463700119 -0.0463201690
-1.2524686042 -0.3919960413
-0.1918237301 -0.1883053327
-1.3353790947 -0.3114754772
-0.0463700312 -0.0463201882
-1.2524686202 -0.3919960273
-0.1918237017 -0.1883053059
-1.3353790859 -0.3114754866
-0.0463700464 -0.0463202034
-1.2524686329 -0.3919960162
-0.1918236792 -0.1883052846
-1.3353790789 -0.3114754940
-0.0463700585 -0.0463202154
-1.2524686429 -0.3919960074
-0.1918236614 -0.1883052678
-1.3353790733 -0.3114754999
-0.0463700681 -0.0463202250
-1.2524686509 -0.3919960004
-0.1918236472 -0.1883052544
-1.3353790689 -0.3114755046
-0.0463700757 -0.0463202326
-1.2524686572 -0.3919959948
-0.1918236360 -0.1883052438
-1.3353790654 -0.3114755083
-0.0463700818 -0.0463202386
-1.2524686623 -0.3919959904
-0.1918236271 -0.1883052354
-1.3353790627 -0.3114755113
-0.0463700865 -0.0463202433
-1.2524686662 -0.3919959870
-0.1918236201 -0.1883052288
-1.3353790605 -0.3114755136
-0.0463700903 -0.0463202471
-1.2524686694 -0.3919959842
-0.1918236145 -0.1883052235
-1.3353790587 -0.3114755154
-0.0463700933 -0.0463202501
-1.2524686719 -0.3919959820
-0.1918236101 -0.1883052193
-1.3353790574 -0.3114755169
-0.0463700957 -0.0463202525
-1.2524686739 -0.3919959803
-0.1918236066 -0.1883052160
-1.3353790563 -0.3114755181
-0.0463700976 -0.0463202544
-1.2524686754 -0.3919959789
-0.1918236038 -0.1883052133
-1.3353790554 -0.3114755190
-0.0463700991 -0.0463202559
-1.2524686767 -0.3919959778
-0.1918236016 -0.1883052113
-1.3353790547 -0.3114755197
-0.0463701003 -0.0463202570
-1.2524686777 -0.3919959769
-0.1918235998 -0.1883052096
-1.3353790542 -0.3114755203
-0.0463701012 -0.0463202580
-1.2524686785 -0.3919959762
-0.1918235984 -0.1883052083
-1.3353790538 -0.3114755208
-0.0463701020 -0.0463202587
-1.2524686791 -0.3919959757
-0.1918235973 -0.1883052072
-1.3353790534 -0.3114755211
-0.0463701026 -0.0463202593
-1.2524686796 -0.3919959753
-0.1918235965 -0.1883052064
-1.3353790531 -0.3114755214
-0.0463701030 -0.0463202598
-1.2524686800 -0.3919959749
-0.1918235958 -0.1883052058
-1.3353790529 -0.3114755216
-0.0463701034 -0.0463202602
-1.2524686803 -0.3919959747
-0.1918235952 -0.1883052053
-1.3353790528 -0.3114755218
-0.0463701037 -0.0463202605
-1.2524686805 -0.3919959744
-0.1918235948 -0.1883052048
-1.3353790526 -0.3114755220
-0.0463701039 -0.0463202607
-1.2524686807 -0.3919959743
-0.1918235944 -0.1883052045
-1.3353790525 -0.3114755221
-0.0463701041 -0.0463202609
-1.2524686809 -0.3919959741
-0.1918235942 -0.1883052043
-1.3353790524 -0.3114755222
-0.0463701043 -0.0463202610
-1.2524686810 -0.3919959740
-0.1918235939 -0.1883052041
-1.3353790524 -0.3114755223
-0.0463701044 -0.0463202611
-1.2524686811 -0.3919959739
-0.1918235938 -0.1883052039
-1.3353790523 -0.3114755223
-0.0463701045 -0.0463202612
-1.2524686812 -0.3919959739
-0.1918235936 -0.1883052038
-1.3353790523 -0.3114755224
-0.0463701046 -0.0463202613
-1.2524686812 -0.3919959738
-0.1918235935 -0.1883052037
-1.3353790522 -0.3114755224
-0.0463701046 -0.0463202614
-1.2524686813 -0.3919959738
-0.1918235934 -0.1883052036
-1.3353790522 -0.3114755224
-0.0463701047 -0.0463202614
-1.2524686813 -0.3919959737
-0.1918235934 -0.1883052035
-1.3353790522 -0.3114755224
-0.0463701047 -0.0463202614
-1.2524686813 -0.3919959737
-0.1918235933 -0.1883052035
-1.3353790522 -0.3114755225
-0.0463701047 -0.0463202615
-1.2524686814 -0.3919959737
-0.1918235933 -0.1883052034
-1.3353790522 -0.3114755225
-0.0463701047 -0.0463202615
-1.2524686814 -0.3919959737
-0.1918235932 -0.1883052034
-1.3353790521 -0.3114755225
-0.0463701048 -0.0463202615
-1.2524686814 -0.3919959737
-0.1918235932 -0.1883052034
-1.3353790521 -0.3114755225
-0.0463701048 -0.0463202615
-1.2524686814 -0.3919959737
-0.1918235932 -0.1883052033
-1.3353790521 -0.3114755225
-0.0463701048 -0.0463202615
-1.2524686814 -0.3919959736
-0.1918235932 -0.1883052033
-1.3353790521 -0.3114755225
-0.0463701048 -0.0463202615
-1.2524686814 -0.3919959736
-0.1918235932 -0.1883052033
-1.3353790521 -0.3114755225
-0.0463701048 -0.0463202616
-1.2524686814 -0.3919959736
-0.1918235932 -0.1883052033
-1.3353790521 -0.3114755225
-0.0463701048 -0.0463202616
-1.2524686814 -0.3919959736
-0.1918235931 -0.1883052033
-1.3353790521 -0.3114755225
-0.0463701048 -0.0463202616
-1.2524686814 -0.3919959736
-0.1918235931 -0.1883052033
-1.3353790521 -0.3114755225
-0.0463701048 -0.0463202616
-1.2524686814 -0.3919959736
-0.1918235931 -0.1883052033
-1.3353790521 -0.3114755225
-0.0463701048 -0.0463202616
-1.2524686814 -0.3919959736
-0.1918235931 -0.1883052033
-1.3353790521 -0.3114755225
-0.0463701048 -0.0463202616
-1.2524686814 -0.3919959736
-0.1918235931 -0.1883052033
-1.3353790521 -0.3114755225
-0.0463701048 -0.0463202616
-1.2524686815 -0.3919959736
-0.1918235931 -0.1883052033
-1.3353790521 -0.3114755225
-0.0463701048 -0.0463202616
-1.2524686815 -0.3919959736
-0.1918235931 -0.1883052033
-1.3353790521 -0.3114755225
-0.0463701048 -0.0463202616
-1.2524686815 -0.3919959736
-0.1918235931 -0.1883052033
-1.3353790521 -0.3114755225
-0.0463701048 -0.0463202616
-1.2524686815 -0.3919959736
-0.1918235931 -0.1883052033
-1.3353790521 -0.3114755225
-0.0463701048 -0.0463202616
-1.2524686815 -0.3919959736
-0.1918235931 -0.1883052033
-1.3353790521 -0.3114755225
-0.0463701048 -0.0463202616
-1.2524686815 -0.3919959736
-0.1918235931 -0.1883052033
-1.3353790521 -0.3114755225
-0.0463701048 -0.0463202616
-1.2524686815 -0.3919959736
-0.1918235931 -0.1883052033
-1.3353790521 -0.3114755225
-0.0463701048 -0.0463202616
-1.2524686815 -0.3919959736
-0.1918235931 -0.1883052033
-1.3353790521 -0.3114755225
-0.0463701048 -0.0463202616
-1.2524686815 -0.3919959736
-0.1918235931 -0.1883052033
-1.3353790521 -0.3114755225
-0.0463701048 -0.0463202616
-1.2524686815 -0.3919959736
-0.1918235931 -0.1883052033
-1.3353790521 -0.3114755225
-0.0463701048 -0.0463202616
-1.2524686815 -0.3919959736
-0.1918235931 -0.1883052033
-1.3353790521 -0.3114755225
-0.0463701048 -0.0463202616
-1.2524686815 -0.3919959736
-0.1918235931 -0.1883052033
-1.3353790521 -0.3114755225
-0.0463701048 -0.0463202616
-1.2524686815 -0.3919959736
-0.1918235931 -0.1883052033
-1.3353790521 -0.3114755225
-0.0463701048 -0.0463202616
-1.2524686815 -0.3919959736
-0.1918235931 -0.1883052033
-1.3353790521 -0.3114755225
-0.0463701048 -0.0463202616
-1.2524686815 -0.3919959736
-0.1918235931 -0.1883052033
-1.3353790521 -0.3114755225
-0.0463701048 -0.0463202616
-1.2524686815 -0.3919959736
-0.1918235931 -0.1883052033
-1.3353790521 -0.3114755225
-0.0463701048 -0.0463202616
-1.2524686815 -0.3919959736
-0.1918235931 -0.1883052033
-1.3353790521 -0.3114755225
-0.0463701048 -0.0463202616
-1.2524686815 -0.3919959736
-0.1918235931 -0.1883052033
-1.3353790521 -0.3114755225
-0.0463701048 -0.0463202616
-1.2524686815 -0.3919959736
-0.1918235931 -0.1883052033
-1.3353790521 -0.3114755225
-0.0463701048 -0.0463202616
-1.2524686815 -0.3919959736
-0.1918235931 -0.1883052033
-1.3353790521 -0.3114755225
-0.0463701048 -0.0463202616
-1.2524686815 -0.3919959736
-0.1918235931 -0.1883052033
-1.3353790521 -0.3114755225
-0.0463701048 -0.0463202616
-1.2524686815 -0.3919959736
-0.1918235931 -0.1883052033
-1.3353790521 -0.3114755225
-0.0463701048 -0.0463202616
-1.2524686815 -0.3919959736
-0.1918235931 -0.1883052033
-1.3353790521 -0.3114755225
-0.0463701048 -0.0463202616
-1.2524686815 -0.3919959736
-0.1918235931 -0.1883052033
-1.3353790521 -0.3114755225
-0.0463701048 -0.0463202616
-1.2524686815 -0.3919959736
-0.1918235931 -0.1883052033
-1.3353790521 -0.3114755225
-0.0463701048 -0.0463202616
-1.2524686815 -0.3919959736
-0.1918235931 -0.1883052033
-1.3353790521 -0.3114755225
-0.0463701048 -0.0463202616
-1.2524686815 -0.3919959736
-0.1918235931 -0.1883052033
-1.3353790521 -0.3114755225
-0.0463701048 -0.0463202616
-1.2524686815 -0.3919959736
-0.1918235931 -0.1883052033
-1.3353790521 -0.3114755225
-0.0463701048 -0.0463202616
-1.2524686815 -0.3919959736
-0.1918235931 -0.1883052033
-1.3353790521 -0.3114755225
-0.0463701048 -0.0463202616
-1.2524686815 -0.3919959736
-0.1918235931 -0.1883052033
-1.3353790521 -0.3114755225
-0.0463701048 -0.0463202616
-1.2524686815 -0.3919959736
-0.1918235931 -0.1883052033
-1.3353790521 -0.3114755225
-0.0463701048 -0.0463202616
-1.2524686815 -0.3919959736
-0.1918235931 -0.1883052033
-1.3353790521 -0.3114755225
-0.0463701048 -0.0463202616
-1.2524686815 -0.3919959736
-0.1918235931 -0.1883052033
-1.3353790521 -0.3114755225
-0.0463701048 -0.0463202616
-1.2524686815 -0.3919959736
-0.1918235931 -0.1883052033
-1.3353790521 -0.3114755225
-0.0463701048 -0.0463202616
-1.2524686815 -0.3919959736
-0.1918235931 -0.1883052033
-1.3353790521 -0.3114755225
-0.0463701048 -0.0463202616
-1.2524686815 -0.3919959736
-0.1918235931 -0.1883052033
-1.3353790521 -0.3114755225
-0.0463701048 -0.0463202616
-1.2524686815 -0.3919959736
-0.1918235931 -0.1883052033
-1.3353790521 -0.3114755225
-0.0463701048 -0.0463202616
-1.2524686815 -0.3919959736
-0.1918235931 -0.1883052033
-1.3353790521 -0.3114755225
-0.0463701048 -0.0463202616
-1.2524686815 -0.3919959736
-0.1918235931 -0.1883052033
-1.3353790521 -0.3114755225
-0.0463701048 -0.0463202616
-1.2524686815 -0.3919959736
-0.1918235931 -0.1883052033
-1.3353790521 -0.3114755225
-0.0463701048 -0.0463202616
-1.2524686815 -0.3919959736
-0.1918235931 -0.1883052033
-1.3353790521 -0.3114755225
-0.0463701048 -0.0463202616
-1.2524686815 -0.3919959736
-0.1918235931 -0.1883052033
-1.3353790521 -0.3114755225
-0.0463701048 -0.0463202616
-1.2524686815 -0.3919959736
-0.1918235931 -0.1883052033
-1.3353790521 -0.3114755225
-0.0463701048 -0.0463202616
-1.2524686815 -0.3919959736
-0.1918235931 -0.1883052033
-1.3353790521 -0.3114755225
-0.0463701048 -0.0463202616
-1.2524686815 -0.3919959736
-0.1918235931 -0.1883052033
-1.3353790521 -0.3114755225
-0.0463701048 -0.0463202616
-1.2524686815 -0.3919959736
-0.1918235931 -0.1883052033
-1.3353790521 -0.3114755225
-0.0463701048 -0.0463202616
-1.2524686815 -0.3919959736
-0.1918235931 -0.1883052033
-1.3353790521 -0.3114755225
-0.0463701048 -0.0463202616
-1.2524686815 -0.3919959736
-0.1918235931 -0.1883052033
-1.3353790521 -0.3114755225
-0.0463701048 -0.0463202616
-1.2524686815 -0.3919959736
-0.1918235931 -0.1883052033
-1.3353790521 -0.3114755225
-0.0463701048 -0.0463202616
-1.2524686815 -0.3919959736
-0.1918235931 -0.1883052033
-1.3353790521 -0.3114755225
-0.0463701048 -0.0463202616
-1.2524686815 -0.3919959736
-0.1918235931 -0.1883052033
-1.3353790521 -0.3114755225
-0.0463701048 -0.0463202616
-1.2524686815 -0.3919959736
-0.1918235931 -0.1883052033
-1.3353790521 -0.3114755225
-0.0463701048 -0.0463202616
-1.2524686815 -0.3919959736
-0.1918235931 -0.1883052033
-1.3353790521 -0.3114755225
-0.0463701048 -0.0463202616
-1.2524686815 -0.3919959736
-0.1918235931 -0.1883052033
-1.3353790521 -0.3114755225
-0.0463701048 -0.0463202616
-1.2524686815 -0.3919959736
-0.1918235931 -0.1883052033
-1.3353790521 -0.3114755225
-0.0463701048 -0.0463202616
-1.2524686815 -0.3919959736
-0.1918235931 -0.1883052033
-1.3353790521 -0.3114755225
-0.0463701048 -0.0463202616
-1.2524686815 -0.3919959736
-0.1918235931 -0.1883052033
-1.3353790521 -0.3114755225
-0.0463701048 -0.0463202616
-1.2524686815 -0.3919959736
-0.1918235931 -0.1883052033
-1.3353790521 -0.3114755225
-0.0463701048 -0.0463202616
-1.2524686815 -0.3919959736
-0.1918235931 -0.1883052033
-1.3353790521 -0.3114755225
-0.0463701048 -0.0463202616
-1.2524686815 -0.3919959736
-0.1918235931 -0.1883052033
-1.3353790521 -0.3114755225
-0.0463701048 -0.0463202616
-1.2524686815 -0.3919959736
-0.1918235931 -0.1883052033
-1.3353790521 -0.3114755225
-0.0463701048 -0.0463202616
-1.2524686815 -0.3919959736
-0.1918235931 -0.1883052033
-1.3353790521 -0.3114755225
-0.0463701048 -0.0463202616
-1.2524686815 -0.3919959736
-0.1918235931 -0.1883052033
-1.3353790521 -0.3114755225
-0.0463701048 -0.0463202616
-1.2524686815 -0.3919959736
-0.1918235931 -0.1883052033
-1.3353790521 -0.3114755225
-0.0463701048 -0.0463202616
-1.2524686815 -0.3919959736
-0.1918235931 -0.1883052033
-1.3353790521 -0.3114755225
-0.0463701048 -0.0463202616
-1.2524686815 -0.3919959736
-0.1918235931 -0.1883052033
-1.3353790521 -0.3114755225
-0.0463701048 -0.0463202616
-1.2524686815 -0.3919959736
-0.1918235931 -0.1883052033
-1.3353790521 -0.3114755225
-0.0463701048 -0.0463202616
-1.2524686815 -0.3919959736
-0.1918235931 -0.1883052033
-1.3353790521 -0.3114755225
-0.0463701048 -0.0463202616
-1.2524686815 -0.3919959736
-0.1918235931 -0.1883052033
-1.3353790521 -0.3114755225
-0.0463701048 -0.0463202616
-1.2524686815 -0.3919959736
-0.1918235931 -0.1883052033
-1.3353790521 -0.3114755225
-0.0463701048 -0.0463202616
-1.2524686815 -0.3919959736
-0.1918235931 -0.1883052033
-1.3353790521 -0.3114755225
-0.0463701048 -0.0463202616
-1.2524686815 -0.3919959736
-0.1918235931 -0.1883052033
-1.3353790521 -0.3114755225
-0.0463701048 -0.0463202616
-1.2524686815 -0.3919959736
-0.1918235931 -0.1883052033
-1.3353790521 -0.3114755225
-0.0463701048 -0.0463202616
-1.2524686815 -0.3919959736
-0.1918235931 -0.1883052033
-1.3353790521 -0.3114755225
-0.0463701048 -0.0463202616
-1.2524686815 -0.3919959736
-0.1918235931 -0.1883052033
-1.3353790521 -0.3114755225
-0.0463701048 -0.0463202616
-1.2524686815 -0.3919959736
-0.1918235931 -0.1883052033
-1.3353790521 -0.3114755225
-0.0463701048 -0.0463202616
-1.2524686815 -0.3919959736
-0.1918235931 -0.1883052033
-1.3353790521 -0.3114755225
-0.0463701048 -0.0463202616
-1.2524686815 -0.3919959736
-0.1918235931 -0.1883052033
-1.3353790521 -0.3114755225
-0.0463701048 -0.0463202616
-1.2524686815 -0.3919959736
-0.1918235931 -0.1883052033
-1.3353790521 -0.3114755225
-0.0463701048 -0.0463202616
-1.2524686815 -0.3919959736
-0.1918235931 -0.1883052033
-1.3353790521 -0.3114755225
-0.0463701048 -0.0463202616
-1.2524686815 -0.3919959736
-0.1918235931 -0.1883052033
-1.3353790521 -0.3114755225
-0.0463701048 -0.0463202616
-1.2524686815 -0.3919959736
-0.1918235931 -0.1883052033
-1.3353790521 -0.3114755225
-0.0463701048 -0.0463202616
-1.2524686815 -0.3919959736
-0.1918235931 -0.1883052033
-1.3353790521 -0.3114755225
-0.0463701048 -0.0463202616
-1.2524686815 -0.3919959736
-0.1918235931 -0.1883052033
-1.3353790521 -0.3114755225
-0.0463701048 -0.0463202616
-1.2524686815 -0.3919959736
-0.1918235931 -0.1883052033
-1.3353790521 -0.3114755225
-0.0463701048 -0.0463202616
-1.2524686815 -0.3919959736
-0.1918235931 -0.1883052033
-1.3353790521 -0.3114755225
-0.0463701048 -0.0463202616
-1.2524686815 -0.3919959736
-0.1918235931 -0.1883052033
-1.3353790521 -0.3114755225
-0.0463701048 -0.0463202616
-1.2524686815 -0.3919959736
-0.1918235931 -0.1883052033
-1.3353790521 -0.3114755225
-0.0463701048 -0.0463202616
-1.2524686815 -0.3919959736
-0.1918235931 -0.1883052033
-1.3353790521 -0.3114755225
-0.0463701048 -0.0463202616
-1.2524686815 -0.3919959736
-0.1918235931 -0.1883052033
-1.3353790521 -0.3114755225
-0.0463701048 -0.0463202616
-1.2524686815 -0.3919959736
-0.1918235931 -0.1883052033
-1.3353790521 -0.3114755225
-0.0463701048 -0.0463202616
-1.2524686815 -0.3919959736
-0.1918235931 -0.1883052033
-1.3353790521 -0.3114755225
-0.0463701048 -0.0463202616
-1.2524686815 -0.3919959736
-0.1918235931 -0.1883052033
-1.3353790521 -0.3114755225
-0.0463701048 -0.0463202616
-1.2524686815 -0.3919959736
-0.1918235931 -0.1883052033
-1.3353790521 -0.3114755225
-0.0463701048 -0.0463202616
-1.2524686815 -0.3919959736
-0.1918235931 -0.1883052033
-1.3353790521 -0.3114755225
-0.0463701048 -0.0463202616
-1.2524686815 -0.3919959736
-0.1918235931 -0.1883052033
-1.3353790521 -0.3114755225
-0.0463701048 -0.0463202616
-1.2524686815 -0.3919959736
-0.1918235931 -0.1883052033
-1.3353790521 -0.3114755225
-0.0463701048 -0.0463202616
-1.2524686815 -0.3919959736
-0.1918235931 -0.1883052033
-1.3353790521 -0.3114755225
-0.0463701048 -0.0463202616
-1.2524686815 -0.3919959736
-0.1918235931 -0.1883052033
-1.3353790521 -0.3114755225
-0.0463701048 -0.0463202616
-1.2524686815 -0.3919959736
-0.1918235931 -0.1883052033
-1.3353790521 -0.3114755225
-0.0463701048 -0.0463202616
-1.2524686815 -0.3919959736
-0.1918235931 -0.1883052033
-1.3353790521 -0.3114755225
-0.0463701048 -0.0463202616
-1.2524686815 -0.3919959736
-0.1918235931 -0.1883052033
-1.3353790521 -0.3114755225
-0.0463701048 -0.0463202616
-1.2524686815 -0.3919959736
-0.1918235931 -0.1883052033
-1.3353790521 -0.3114755225
-0.0463701048 -0.0463202616
-1.2524686815 -0.3919959736
-0.1918235931 -0.1883052033
-1.3353790521 -0.3114755225
-0.0463701048 -0.0463202616
-1.2524686815 -0.3919959736
-0.1918235931 -0.1883052033
-1.3353790521 -0.3114755225
-0.0463701048 -0.0463202616
-1.2524686815 -0.3919959736
-0.1918235931 -0.1883052033
-1.3353790521 -0.3114755225
-0.0463701048 -0.0463202616
-1.2524686815 -0.3919959736
-0.1918235931 -0.1883052033
-1.3353790521 -0.3114755225
-0.0463701048 -0.0463202616
-1.2524686815 -0.3919959736
-0.1918235931 -0.1883052033
-1.3353790521 -0.3114755225
-0.0463701048 -0.0463202616
-1.2524686815 -0.3919959736
-0.1918235931 -0.1883052033
-1.3353790521 -0.3114755225
-0.0463701048 -0.0463202616
-1.2524686815 -0.3919959736
-0.1918235931 -0.1883052033
-1.3353790521 -0.3114755225
-0.0463701048 -0.0463202616
-1.2524686815 -0.3919959736
-0.1918235931 -0.1883052033
-1.3353790521 -0.3114755225
-0.0463701048 -0.0463202616
-1.2524686815 -0.3919959736
-0.1918235931 -0.1883052033
-1.3353790521 -0.3114755225
-0.0463701048 -0.0463202616
-1.2524686815 -0.3919959736
-0.1918235931 -0.1883052033
-1.3353790521 -0.3114755225
-0.0463701048 -0.0463202616
-1.2524686815 -0.3919959736
-0.1918235931 -0.1883052033
-1.3353790521 -0.3114755225
-0.0463701048 -0.0463202616
-1.2524686815 -0.3919959736
-0.1918235931 -0.1883052033
-1.3353790521 -0.3114755225
-0.0463701048 -0.0463202616
-1.2524686815 -0.3919959736
-0.1918235931 -0.1883052033
-1.3353790521 -0.3114755225
-0.0463701048 -0.0463202616
-1.2524686815 -0.3919959736
-0.1918235931 -0.1883052033
-1.3353790521 -0.3114755225
-0.0463701048 -0.0463202616
-1.2524686815 -0.3919959736
-0.1918235931 -0.1883052033
-1.3353790521 -0.3114755225
-0.0463701048 -0.0463202616
-1.2524686815 -0.3919959736
-0.1918235931 -0.1883052033
-1.3353790521 -0.3114755225
-0.0463701048 -0.0463202616
-1.2524686815 -0.3919959736
-0.1918235931 -0.1883052033
-1.3353790521 -0.3114755225
-0.0463701048 -0.0463202616
-1.2524686815 -0.3919959736
-0.1918235931 -0.1883052033
-1.3353790521 -0.3114755225
-0.0463701048 -0.0463202616
-1.2524686815 -0.3919959736
-0.1918235931 -0.1883052033
-1.3353790521 -0.3114755225
-0.0463701048 -0.0463202616
-1.2524686815 -0.3919959736
-0.1918235931 -0.1883052033
-1.3353790521 -0.3114755225
-0.0463701048 -0.0463202616
-1.2524686815 -0.3919959736
-0.1918235931 -0.1883052033
-1.3353790521 -0.3114755225
-0.0463701048 -0.0463202616
-1.2524686815 -0.3919959736
-0.1918235931 -0.1883052033
-1.3353790521 -0.3114755225
-0.0463701048 -0.0463202616
-1.2524686815 -0.3919959736
-0.1918235931 -0.1883052033
-1.3353790521 -0.3114755225
-0.0463701048 -0.0463202616
-1.2524686815 -0.3919959736
-0.1918235931 -0.1883052033
-1.3353790521 -0.3114755225
-0.0463701048 -0.0463202616
-1.2524686815 -0.3919959736
-0.1918235931 -0.1883052033
-1.3353790521 -0.3114755225
-0.0463701048 -0.0463202616
-1.2524686815 -0.3919959736
-0.1918235931 -0.1883052033
-1.3353790521 -0.3114755225
-0.0463701048 -0.0463202616
-1.2524686815 -0.3919959736
-0.1918235931 -0.1883052033
-1.3353790521 -0.3114755225
-0.0463701048 -0.0463202616
-1.2524686815 -0.3919959736
-0.1918235931 -0.1883052033
-1.3353790521 -0.3114755225
-0.0463701048 -0.0463202616
-1.2524686815 -0.3919959736
-0.1918235931 -0.1883052033
-1.3353790521 -0.3114755225
-0.0463701048 -0.0463202616
-1.2524686815 -0.3919959736
-0.1918235931 -0.1883052033
-1.3353790521 -0.3114755225
-0.0463701048 -0.0463202616
-1.2524686815 -0.3919959736
-0.1918235931 -0.1883052033
-1.3353790521 -0.3114755225
-0.0463701048 -0.0463202616
-1.2524686815 -0.3919959736
-0.1918235931 -0.1883052033
-1.3353790521 -0.3114755225
-0.0463701048 -0.0463202616
-1.2524686815 -0.3919959736
-0.1918235931 -0.1883052033
-1.3353790521 -0.3114755225
-0.0463701048 -0.0463202616
-1.2524686815 -0.3919959736
-0.1918235931 -0.1883052033
-1.3353790521 -0.3114755225
-0.0463701048 -0.0463202616
-1.2524686815 -0.3919959736
-0.1918235931 -0.1883052033
-1.3353790521 -0.3114755225
-0.0463701048 -0.0463202616
-1.2524686815 -0.3919959736
-0.1918235931 -0.1883052033
-1.3353790521 -0.3114755225
-0.0463701048 -0.0463202616
-1.2524686815 -0.3919959736
-0.1918235931 -0.1883052033
-1.3353790521 -0.3114755225
-0.0463701048 -0.0463202616
-1.2524686815 -0.3919959736
-0.1918235931 -0.1883052033
-1.3353790521 -0.3114755225
-0.0463701048 -0.0463202616
-1.2524686815 -0.3919959736
-0.1918235931 -0.1883052033
-1.3353790521 -0.3114755225
-0.0463701048 -0.0463202616
-1.2524686815 -0.3919959736
-0.1918235931 -0.1883052033
-1.3353790521 -0.3114755225
-0.0463701048 -0.0463202616
-1.2524686815 -0.3919959736
-0.1918235931 -0.1883052033
-1.3353790521 -0.3114755225
-0.0463701048 -0.0463202616
-1.2524686815 -0.3919959736
-0.1918235931 -0.1883052033
-1.3353790521 -0.3114755225
-0.0463701048 -0.0463202616
-1.2524686815 -0.3919959736
-0.1918235931 -0.1883052033
-1.3353790521 -0.3114755225
-0.0463701048 -0.0463202616
-1.2524686815 -0.3919959736
-0.1918235931 -0.1883052033
-1.3353790521 -0.3114755225
-0.0463701048 -0.0463202616
-1.2524686815 -0.3919959736
-0.1918235931 -0.1883052033
-1.3353790521 -0.3114755225
-0.0463701048 -0.0463202616
-1.2524686815 -0.3919959736
-0.1918235931 -0.1883052033
-1.3353790521 -0.3114755225
-0.0463701048 -0.0463202616
-1.2524686815 -0.3919959736
-0.1918235931 -0.1883052033
-1.3353790521 -0.3114755225
-0.0463701048 -0.0463202616
-1.2524686815 -0.3919959736
-0.1918235931 -0.1883052033
-1.3353790521 -0.3114755225
-0.0463701048 -0.0463202616
-1.2524686815 -0.3919959736
-0.1918235931 -0.1883052033
-1.3353790521 -0.3114755225
-0.0463701048 -0.0463202616
-1.2524686815 -0.3919959736
-0.1918235931 -0.1883052033
-1.3353790521 -0.3114755225
-0.0463701048 -0.0463202616
-1.2524686815 -0.3919959736
-0.1918235931 -0.1883052033
-1.3353790521 -0.3114755225
-0.0463701048 -0.0463202616
-1.2524686815 -0.3919959736
-0.1918235931 -0.1883052033
-1.3353790521 -0.3114755225
-0.0463701048 -0.0463202616
-1.2524686815 -0.3919959736
-0.1918235931 -0.1883052033
-1.3353790521 -0.3114755225
-0.0463701048 -0.0463202616
-1.2524686815 -0.3919959736
-0.1918235931 -0.1883052033
-1.3353790521 -0.3114755225
