0 0.7557628633 2.1064439007 0.5500053277
1 0.5233143294 2.1064439007 0.4532779125
2 -0.1478353488 2.1064439007 -0.1462227967
3 -1.2215566352 2.1064439007 -0.4179965193
4 -0.3273055450 2.1064439007 -0.3099295572
5 -1.2615766231 2.1064439007 -0.3839172468
6 -0.2654334713 2.1064439007 -0.2561376939
7 -1.2592701498 2.1064439007 -0.3859810472
8 -0.2689882588 2.1064439007 -0.2593155126
9 -1.2597242700 2.1064439007 -0.3855756696
10 -0.2682882265 2.1064439007 -0.2586905017
11 -1.2596379722 2.1064439007 -0.3856527411
12 -0.2684212508 2.1064439007 -0.2588092998
13 -1.2596544891 2.1064439007 -0.3856379914
14 -0.2683957905 2.1064439007 -0.2587865634
15 -1.2596513321 2.1064439007 -0.3856408106
16 -0.2684006569 2.1064439007 -0.2587909092
17 -1.2596519357 2.1064439007 -0.3856402716
18 -0.2683997265 2.1064439007 -0.2587900784
19 -1.2596518203 2.1064439007 -0.3856403747
20 -0.2683999044 2.1064439007 -0.2587902372
21 -1.2596518424 2.1064439007 -0.3856403550
22 -0.2683998704 2.1064439007 -0.2587902068
23 -1.2596518381 2.1064439007 -0.3856403588
24 -0.2683998769 2.1064439007 -0.2587902126
25 -1.2596518389 2.1064439007 -0.3856403580
26 -0.2683998757 2.1064439007 -0.2587902115
27 -1.2596518388 2.1064439007 -0.3856403582
28 -0.2683998759 2.1064439007 -0.2587902118
29 -1.2596518388 2.1064439007 -0.3856403581
30 -0.2683998759 2.1064439007 -0.2587902117
31 -1.2596518388 2.1064439007 -0.3856403581
32 -0.2683998759 2.1064439007 -0.2587902117
33 -1.2596518388 2.1064439007 -0.3856403581
34 -0.2683998759 2.1064439007 -0.2587902117
35 -1.2596518388 2.1064439007 -0.3856403581
36 -0.2683998759 2.1064439007 -0.2587902117
37 -1.2596518388 2.1064439007 -0.3856403581
38 -0.2683998759 2.1064439007 -0.2587902117
39 -1.2596518388 2.1064439007 -0.3856403581
40 -0.2683998759 2.1064439007 -0.2587902117
41 -1.2596518388 2.1064439007 -0.3856403581
42 -0.2683998759 2.1064439007 -0.2587902117
43 -1.2596518388 2.1064439007 -0.3856403581
44 -0.2683998759 2.1064439007 -0.2587902117
45 -1.2596518388 2.1064439007 -0.3856403581
46 -0.2683998759 2.1064439007 -0.2587902117
47 -1.2596518388 2.1064439007 -0.3856403581
48 -0.2683998759 2.1064439007 -0.2587902117
49 -1.2596518388 2.1064439007 -0.3856403581
50 -0.2683998759 2.1064439007 -0.2587902117
51 -1.2596518388 2.1064439007 -0.3856403581
52 -0.2683998759 2.1064439007 -0.2587902117
53 -1.2596518388 2.1064439007 -0.3856403581
54 -0.2683998759 2.1064439007 -0.2587902117
55 -1.2596518388 2.1064439007 -0.3856403581
56 -0.2683998759 2.1064439007 -0.2587902117
57 -1.2596518388 2.1064439007 -0.3856403581
58 -0.2683998759 2.1064439007 -0.2587902117
59 -1.2596518388 2.1064439007 -0.3856403581
60 -0.2683998759 2.1064439007 -0.2587902117
61 -1.2596518388 2.1064439007 -0.3856403581
62 -0.2683998759 2.1064439007 -0.2587902117
63 -1.2596518388 2.1064439007 -0.3856403581
64 -0.2683998759 2.1064439007 -0.2587902117
65 -1.2596518388 2.1064439007 -0.3856403581
66 -0.2683998759 2.1064439007 -0.2587902117
67 -1.2596518388 2.1064439007 -0.3856403581
68 -0.2683998759 2.1064439007 -0.2587902117
69 -1.2596518388 2.1064439007 -0.3856403581
70 -0.2683998759 2.1064439007 -0.2587902117
71 -1.2596518388 2.1064439007 -0.3856403581
72 -0.2683998759 2.1064439007 -0.2587902117
73 -1.2596518388 2.1064439007 -0.3856403581
74 -0.2683998759 2.1064439007 -0.2587902117
75 -1.2596518388 2.1064439007 -0.3856403581
76 -0.2683998759 2.1064439007 -0.2587902117
77 -1.2596518388 2.1064439007 -0.3856403581
78 -0.2683998759 2.1064439007 -0.2587902117
79 -1.2596518388 2.1064439007 -0.3856403581
80 -0.2683998759 2.1064439007 -0.2587902117
81 -1.2596518388 2.1064439007 -0.3856403581
82 -0.2683998759 2.1064439007 -0.2587902117
83 -1.2596518388 2.1064439007 -0.3856403581
84 -0.2683998759 2.1064439007 -0.2587902117
85 -1.2596518388 2.1064439007 -0.3856403581
86 -0.2683998759 2.1064439007 -0.2587902117
87 -1.2596518388 2.1064439007 -0.3856403581
88 -0.2683998759 2.1064439007 -0.2587902117
89 -1.2596518388 2.1064439007 -0.3856403581
90 -0.2683998759 2.1064439007 -0.2587902117
91 -1.2596518388 2.1064439007 -0.3856403581
92 -0.2683998759 2.1064439007 -0.2587902117
93 -1.2596518388 2.1064439007 -0.3856403581
94 -0.2683998759 2.1064439007 -0.2587902117
95 -1.2596518388 2.1064439007 -0.3856403581
96 -0.2683998759 2.1064439007 -0.2587902117
97 -1.2596518388 2.1064439007 -0.3856403581
98 -0.2683998759 2.1064439007 -0.2587902117
99 -1.2596518388 2.1064439007 -0.3856403581
100 -0.2683998759 2.1064439007 -0.2587902117
101 -1.2596518388 2.1064439007 -0.3856403581
102 -0.2683998759 2.1064439007 -0.2587902117
103 -1.2596518388 2.1064439007 -0.3856403581
104 -0.2683998759 2.1064439007 -0.2587902117
105 -1.2596518388 2.1064439007 -0.3856403581
106 -0.2683998759 2.1064439007 -0.2587902117
107 -1.2596518388 2.1064439007 -0.3856403581
108 -0.2683998759 2.1064439007 -0.2587902117
109 -1.2596518388 2.1064439007 -0.3856403581
110 -0.2683998759 2.1064439007 -0.2587902117
111 -1.2596518388 2.1064439007 -0.3856403581
112 -0.2683998759 2.1064439007 -0.2587902117
113 -1.2596518388 2.1064439007 -0.3856403581
114 -0.2683998759 2.1064439007 -0.2587902117
115 -1.2596518388 2.1064439007 -0.3856403581
116 -0.2683998759 2.1064439007 -0.2587902117
117 -1.2596518388 2.1064439007 -0.3856403581
118 -0.2683998759 2.1064439007 -0.2587902117
119 -1.2596518388 2.1064439007 -0.3856403581
120 -0.2683998759 2.1064439007 -0.2587902117
121 -1.2596518388 2.1064439007 -0.3856403581
122 -0.2683998759 2.1064439007 -0.2587902117
123 -1.2596518388 2.1064439007 -0.3856403581
124 -0.2683998759 2.1064439007 -0.2587902117
125 -1.2596518388 2.1064439007 -0.3856403581
126 -0.2683998759 2.1064439007 -0.2587902117
127 -1.2596518388 2.1064439007 -0.3856403581
128 -0.2683998759 2.1064439007 -0.2587902117
129 -1.2596518388 2.1064439007 -0.3856403581
130 -0.2683998759 2.1064439007 -0.2587902117
131 -1.2596518388 2.1064439007 -0.3856403581
132 -0.2683998759 2.1064439007 -0.2587902117
133 -1.2596518388 2.1064439007 -0.3856403581
134 -0.2683998759 2.1064439007 -0.2587902117
135 -1.2596518388 2.1064439007 -0.3856403581
136 -0.2683998759 2.1064439007 -0.2587902117
137 -1.2596518388 2.1064439007 -0.3856403581
138 -0.2683998759 2.1064439007 -0.2587902117
139 -1.2596518388 2.1064439007 -0.3856403581
140 -0.2683998759 2.1064439007 -0.2587902117
141 -1.2596518388 2.1064439007 -0.3856403581
142 -0.2683998759 2.1064439007 -0.2587902117
143 -1.2596518388 2.1064439007 -0.3856403581
144 -0.2683998759 2.1064439007 -0.2587902117
145 -1.2596518388 2.1064439007 -0.3856403581
146 -0.2683998759 2.1064439007 -0.2587902117
147 -1.2596518388 2.1064439007 -0.3856403581
148 -0.2683998759 2.1064439007 -0.2587902117
149 -1.2596518388 2.1064439007 -0.3856403581
150 -0.2683998759 2.1064439007 -0.2587902117
151 -1.2596518388 2.1064439007 -0.3856403581
152 -0.2683998759 2.1064439007 -0.2587902117
153 -1.2596518388 2.1064439007 -0.3856403581
154 -0.2683998759 2.1064439007 -0.2587902117
155 -1.2596518388 2.1064439007 -0.3856403581
156 -0.2683998759 2.1064439007 -0.2587902117
157 -1.2596518388 2.1064439007 -0.3856403581
158 -0.2683998759 2.1064439007 -0.2587902117
159 -1.2596518388 2.1064439007 -0.3856403581
160 -0.2683998759 2.1064439007 -0.2587902117
161 -1.2596518388 2.1064439007 -0.3856403581
162 -0.2683998759 2.1064439007 -0.2587902117
163 -1.2596518388 2.1064439007 -0.3856403581
164 -0.2683998759 2.1064439007 -0.2587902117
165 -1.2596518388 2.1064439007 -0.3856403581
166 -0.2683998759 2.1064439007 -0.2587902117
167 -1.2596518388 2.1064439007 -0.3856403581
168 -0.2683998759 2.1064439007 -0.2587902117
169 -1.2596518388 2.1064439007 -0.3856403581
170 -0.2683998759 2.1064439007 -0.2587902117
171 -1.2596518388 2.1064439007 -0.3856403581
172 -0.2683998759 2.1064439007 -0.2587902117
173 -1.2596518388 2.1064439007 -0.3856403581
174 -0.2683998759 2.1064439007 -0.2587902117
175 -1.2596518388 2.1064439007 -0.3856403581
176 -0.2683998759 2.1064439007 -0.2587902117
177 -1.2596518388 2.1064439007 -0.3856403581
178 -0.2683998759 2.1064439007 -0.2587902117
179 -1.2596518388 2.1064439007 -0.3856403581
180 -0.2683998759 2.1064439007 -0.2587902117
181 -1.2596518388 2.1064439007 -0.3856403581
182 -0.2683998759 2.1064439007 -0.2587902117
183 -1.2596518388 2.1064439007 -0.3856403581
184 -0.2683998759 2.1064439007 -0.2587902117
185 -1.2596518388 2.1064439007 -0.3856403581
186 -0.2683998759 2.1064439007 -0.2587902117
187 -1.2596518388 2.1064439007 -0.3856403581
188 -0.2683998759 2.1064439007 -0.2587902117
189 -1.2596518388 2.1064439007 -0.3856403581
190 -0.2683998759 2.1064439007 -0.2587902117
191 -1.2596518388 2.1064439007 -0.3856403581
192 -0.2683998759 2.1064439007 -0.2587902117
193 -1.2596518388 2.1064439007 -0.3856403581
194 -0.2683998759 2.1064439007 -0.2587902117
195 -1.2596518388 2.1064439007 -0.3856403581
196 -0.2683998759 2.1064439007 -0.2587902117
197 -1.2596518388 2.1064439007 -0.3856403581
198 -0.2683998759 2.1064439007 -0.2587902117
199 -1.2596518388 2.1064439007 -0.3856403581
200 -0.2683998759 2.1064439007 -0.2587902117
201 -1.2596518388 2.1064439007 -0.3856403581
202 -0.2683998759 2.1064439007 -0.2587902117
203 -1.2596518388 2.1064439007 -0.3856403581
204 -0.2683998759 2.1064439007 -0.2587902117
205 -1.2596518388 2.1064439007 -0.3856403581
206 -0.2683998759 2.1064439007 -0.2587902117
207 -1.2596518388 2.1064439007 -0.3856403581
208 -0.2683998759 2.1064439007 -0.2587902117
209 -1.2596518388 2.1064439007 -0.3856403581
210 -0.2683998759 2.1064439007 -0.2587902117
211 -1.2596518388 2.1064439007 -0.3856403581
212 -0.2683998759 2.1064439007 -0.2587902117
213 -1.2596518388 2.1064439007 -0.3856403581
214 -0.2683998759 2.1064439007 -0.2587902117
215 -1.2596518388 2.1064439007 -0.3856403581
216 -0.2683998759 2.1064439007 -0.2587902117
217 -1.2596518388 2.1064439007 -0.3856403581
218 -0.2683998759 2.1064439007 -0.2587902117
219 -1.2596518388 2.1064439007 -0.3856403581
220 -0.2683998759 2.1064439007 -0.2587902117
221 -1.2596518388 2.1064439007 -0.3856403581
222 -0.2683998759 2.1064439007 -0.2587902117
223 -1.2596518388 2.1064439007 -0.3856403581
224 -0.2683998759 2.1064439007 -0.2587902117
225 -1.2596518388 2.1064439007 -0.3856403581
226 -0.2683998759 2.1064439007 -0.2587902117
227 -1.2596518388 2.1064439007 -0.3856403581
228 -0.2683998759 2.1064439007 -0.2587902117
229 -1.2596518388 2.1064439007 -0.3856403581
230 -0.2683998759 2.1064439007 -0.2587902117
231 -1.2596518388 2.1064439007 -0.3856403581
232 -0.2683998759 2.1064439007 -0.2587902117
233 -1.2596518388 2.1064439007 -0.3856403581
234 -0.2683998759 2.1064439007 -0.2587902117
235 -1.2596518388 2.1064439007 -0.3856403581
236 -0.2683998759 2.1064439007 -0.2587902117
237 -1.2596518388 2.1064439007 -0.3856403581
238 -0.2683998759 2.1064439007 -0.2587902117
239 -1.2596518388 2.1064439007 -0.3856403581
240 -0.2683998759 2.1064439007 -0.2587902117
241 -1.2596518388 2.1064439007 -0.3856403581
242 -0.2683998759 2.1064439007 -0.2587902117
243 -1.2596518388 2.1064439007 -0.3856403581
244 -0.2683998759 2.1064439007 -0.2587902117
245 -1.2596518388 2.1064439007 -0.3856403581
246 -0.2683998759 2.1064439007 -0.2587902117
247 -1.2596518388 2.1064439007 -0.3856403581
248 -0.2683998759 2.1064439007 -0.2587902117
249 -1.2596518388 2.1064439007 -0.3856403581
250 -0.2683998759 2.1064439007 -0.2587902117
251 -1.2596518388 2.1064439007 -0.3856403581
252 -0.2683998759 2.1064439007 -0.2587902117
253 -1.2596518388 2.1064439007 -0.3856403581
254 -0.2683998759 2.1064439007 -0.2587902117
255 -1.2596518388 2.1064439007 -0.3856403581
256 -0.2683998759 2.1064439007 -0.2587902117
257 -1.2596518388 2.1064439007 -0.3856403581
258 -0.2683998759 2.1064439007 -0.2587902117
259 -1.2596518388 2.1064439007 -0.3856403581
260 -0.2683998759 2.1064439007 -0.2587902117
261 -1.2596518388 2.1064439007 -0.3856403581
262 -0.2683998759 2.1064439007 -0.2587902117
263 -1.2596518388 2.1064439007 -0.3856403581
264 -0.2683998759 2.1064439007 -0.2587902117
265 -1.2596518388 2.1064439007 -0.3856403581
266 -0.2683998759 2.1064439007 -0.2587902117
267 -1.2596518388 2.1064439007 -0.3856403581
268 -0.2683998759 2.1064439007 -0.2587902117
269 -1.2596518388 2.1064439007 -0.3856403581
270 -0.2683998759 2.1064439007 -0.2587902117
271 -1.2596518388 2.1064439007 -0.3856403581
272 -0.2683998759 2.1064439007 -0.2587902117
273 -1.2596518388 2.1064439007 -0.3856403581
274 -0.2683998759 2.1064439007 -0.2587902117
275 -1.2596518388 2.1064439007 -0.3856403581
276 -0.2683998759 2.1064439007 -0.2587902117
277 -1.2596518388 2.1064439007 -0.3856403581
278 -0.2683998759 2.1064439007 -0.2587902117
279 -1.2596518388 2.1064439007 -0.3856403581
280 -0.2683998759 2.1064439007 -0.2587902117
281 -1.2596518388 2.1064439007 -0.3856403581
282 -0.2683998759 2.1064439007 -0.2587902117
283 -1.2596518388 2.1064439007 -0.3856403581
284 -0.2683998759 2.1064439007 -0.2587902117
285 -1.2596518388 2.1064439007 -0.3856403581
286 -0.2683998759 2.1064439007 -0.2587902117
287 -1.2596518388 2.1064439007 -0.3856403581
288 -0.2683998759 2.1064439007 -0.2587902117
289 -1.2596518388 2.1064439007 -0.3856403581
290 -0.2683998759 2.1064439007 -0.2587902117
291 -1.2596518388 2.1064439007 -0.3856403581
292 -0.2683998759 2.1064439007 -0.2587902117
293 -1.2596518388 2.1064439007 -0.3856403581
294 -0.2683998759 2.1064439007 -0.2587902117
295 -1.2596518388 2.1064439007 -0.3856403581
296 -0.2683998759 2.1064439007 -0.2587902117
297 -1.2596518388 2.1064439007 -0.3856403581
298 -0.2683998759 2.1064439007 -0.2587902117
299 -1.2596518388 2.1064439007 -0.3856403581
300 -0.2683998759 2.1064439007 -0.2587902117
301 -1.2596518388 2.1064439007 -0.3856403581
302 -0.2683998759 2.1064439007 -0.2587902117
303 -1.2596518388 2.1064439007 -0.3856403581
304 -0.2683998759 2.1064439007 -0.2587902117
305 -1.2596518388 2.1064439007 -0.3856403581
306 -0.2683998759 2.1064439007 -0.2587902117
307 -1.2596518388 2.1064439007 -0.3856403581
308 -0.2683998759 2.1064439007 -0.2587902117
309 -1.2596518388 2.1064439007 -0.3856403581
310 -0.2683998759 2.1064439007 -0.2587902117
311 -1.2596518388 2.1064439007 -0.3856403581
312 -0.2683998759 2.1064439007 -0.2587902117
313 -1.2596518388 2.1064439007 -0.3856403581
314 -0.2683998759 2.1064439007 -0.2587902117
315 -1.2596518388 2.1064439007 -0.3856403581
316 -0.2683998759 2.1064439007 -0.2587902117
317 -1.2596518388 2.1064439007 -0.3856403581
318 -0.2683998759 2.1064439007 -0.2587902117
319 -1.2596518388 2.1064439007 -0.3856403581
320 -0.2683998759 2.1064439007 -0.2587902117
321 -1.2596518388 2.1064439007 -0.3856403581
322 -0.2683998759 2.1064439007 -0.2587902117
323 -1.2596518388 2.1064439007 -0.3856403581
324 -0.2683998759 2.1064439007 -0.2587902117
325 -1.2596518388 2.1064439007 -0.3856403581
326 -0.2683998759 2.1064439007 -0.2587902117
327 -1.2596518388 2.1064439007 -0.3856403581
328 -0.2683998759 2.1064439007 -0.2587902117
329 -1.2596518388 2.1064439007 -0.3856403581
330 -0.2683998759 2.1064439007 -0.2587902117
331 -1.2596518388 2.1064439007 -0.3856403581
332 -0.2683998759 2.1064439007 -0.2587902117
333 -1.2596518388 2.1064439007 -0.3856403581
334 -0.2683998759 2.1064439007 -0.2587902117
335 -1.2596518388 2.1064439007 -0.3856403581
336 -0.2683998759 2.1064439007 -0.2587902117
337 -1.2596518388 2.1064439007 -0.3856403581
338 -0.2683998759 2.1064439007 -0.2587902117
339 -1.2596518388 2.1064439007 -0.3856403581
340 -0.2683998759 2.1064439007 -0.2587902117
341 -1.2596518388 2.1064439007 -0.3856403581
342 -0.2683998759 2.1064439007 -0.2587902117
343 -1.2596518388 2.1064439007 -0.3856403581
344 -0.2683998759 2.1064439007 -0.2587902117
345 -1.2596518388 2.1064439007 -0.3856403581
346 -0.2683998759 2.1064439007 -0.2587902117
347 -1.2596518388 2.1064439007 -0.3856403581
348 -0.2683998759 2.1064439007 -0.2587902117
349 -1.2596518388 2.1064439007 -0.3856403581
350 -0.2683998759 2.1064439007 -0.2587902117
351 -1.2596518388 2.1064439007 -0.3856403581
352 -0.2683998759 2.1064439007 -0.2587902117
353 -1.2596518388 2.1064439007 -0.3856403581
354 -0.2683998759 2.1064439007 -0.2587902117
355 -1.2596518388 2.1064439007 -0.3856403581
356 -0.2683998759 2.1064439007 -0.2587902117
357 -1.2596518388 2.1064439007 -0.3856403581
358 -0.2683998759 2.1064439007 -0.2587902117
359 -1.2596518388 2.1064439007 -0.3856403581
360 -0.2683998759 2.1064439007 -0.2587902117
361 -1.2596518388 2.1064439007 -0.3856403581
362 -0.2683998759 2.1064439007 -0.2587902117
363 -1.2596518388 2.1064439007 -0.3856403581
364 -0.2683998759 2.1064439007 -0.2587902117
365 -1.2596518388 2.1064439007 -0.3856403581
366 -0.2683998759 2.1064439007 -0.2587902117
367 -1.2596518388 2.1064439007 -0.3856403581
368 -0.2683998759 2.1064439007 -0.2587902117
369 -1.2596518388 2.1064439007 -0.3856403581
370 -0.2683998759 2.1064439007 -0.2587902117
371 -1.2596518388 2.1064439007 -0.3856403581
372 -0.2683998759 2.1064439007 -0.2587902117
373 -1.2596518388 2.1064439007 -0.3856403581
374 -0.2683998759 2.1064439007 -0.2587902117
375 -1.2596518388 2.1064439007 -0.3856403581
376 -0.2683998759 2.1064439007 -0.2587902117
377 -1.2596518388 2.1064439007 -0.3856403581
378 -0.2683998759 2.1064439007 -0.2587902117
379 -1.2596518388 2.1064439007 -0.3856403581
380 -0.2683998759 2.1064439007 -0.2587902117
381 -1.2596518388 2.1064439007 -0.3856403581
382 -0.2683998759 2.1064439007 -0.2587902117
383 -1.2596518388 2.1064439007 -0.3856403581
384 -0.2683998759 2.1064439007 -0.2587902117
385 -1.2596518388 2.1064439007 -0.3856403581
386 -0.2683998759 2.1064439007 -0.2587902117
387 -1.2596518388 2.1064439007 -0.3856403581
388 -0.2683998759 2.1064439007 -0.2587902117
389 -1.2596518388 2.1064439007 -0.3856403581
390 -0.2683998759 2.1064439007 -0.2587902117
391 -1.2596518388 2.1064439007 -0.3856403581
392 -0.2683998759 2.1064439007 -0.2587902117
393 -1.2596518388 2.1064439007 -0.3856403581
394 -0.2683998759 2.1064439007 -0.2587902117
395 -1.2596518388 2.1064439007 -0.3856403581
396 -0.2683998759 2.1064439007 -0.2587902117
397 -1.2596518388 2.1064439007 -0.3856403581
398 -0.2683998759 2.1064439007 -0.2587902117
399 -1.2596518388 2.1064439007 -0.3856403581
400 -0.2683998759 2.1064439007 -0.2587902117
401 -1.2596518388 2.1064439007 -0.3856403581
402 -0.2683998759 2.1064439007 -0.2587902117
403 -1.2596518388 2.1064439007 -0.3856403581
404 -0.2683998759 2.1064439007 -0.2587902117
405 -1.2596518388 2.1064439007 -0.3856403581
406 -0.2683998759 2.1064439007 -0.2587902117
407 -1.2596518388 2.1064439007 -0.3856403581
408 -0.2683998759 2.1064439007 -0.2587902117
409 -1.2596518388 2.1064439007 -0.3856403581
410 -0.2683998759 2.1064439007 -0.2587902117
411 -1.2596518388 2.1064439007 -0.3856403581
412 -0.2683998759 2.1064439007 -0.2587902117
413 -1.2596518388 2.1064439007 -0.3856403581
414 -0.2683998759 2.1064439007 -0.2587902117
415 -1.2596518388 2.1064439007 -0.3856403581
416 -0.2683998759 2.1064439007 -0.2587902117
417 -1.2596518388 2.1064439007 -0.3856403581
418 -0.2683998759 2.1064439007 -0.2587902117
419 -1.2596518388 2.1064439007 -0.3856403581
420 -0.2683998759 2.1064439007 -0.2587902117
421 -1.2596518388 2.1064439007 -0.3856403581
422 -0.2683998759 2.1064439007 -0.2587902117
423 -1.2596518388 2.1064439007 -0.3856403581
424 -0.2683998759 2.1064439007 -0.2587902117
425 -1.2596518388 2.1064439007 -0.3856403581
426 -0.2683998759 2.1064439007 -0.2587902117
427 -1.2596518388 2.1064439007 -0.3856403581
428 -0.2683998759 2.1064439007 -0.2587902117
429 -1.2596518388 2.1064439007 -0.3856403581
430 -0.2683998759 2.1064439007 -0.2587902117
431 -1.2596518388 2.1064439007 -0.3856403581
432 -0.2683998759 2.1064439007 -0.2587902117
433 -1.2596518388 2.1064439007 -0.3856403581
434 -0.2683998759 2.1064439007 -0.2587902117
435 -1.2596518388 2.1064439007 -0.3856403581
436 -0.2683998759 2.1064439007 -0.2587902117
437 -1.2596518388 2.1064439007 -0.3856403581
438 -0.2683998759 2.1064439007 -0.2587902117
439 -1.2596518388 2.1064439007 -0.3856403581
440 -0.2683998759 2.1064439007 -0.2587902117
441 -1.2596518388 2.1064439007 -0.3856403581
442 -0.2683998759 2.1064439007 -0.2587902117
443 -1.2596518388 2.1064439007 -0.3856403581
444 -0.2683998759 2.1064439007 -0.2587902117
445 -1.2596518388 2.1064439007 -0.3856403581
446 -0.2683998759 2.1064439007 -0.2587902117
447 -1.2596518388 2.1064439007 -0.3856403581
448 -0.2683998759 2.1064439007 -0.2587902117
449 -1.2596518388 2.1064439007 -0.3856403581
450 -0.2683998759 2.1064439007 -0.2587902117
451 -1.2596518388 2.1064439007 -0.3856403581
452 -0.2683998759 2.1064439007 -0.2587902117
453 -1.2596518388 2.1064439007 -0.3856403581
454 -0.2683998759 2.1064439007 -0.2587902117
455 -1.2596518388 2.1064439007 -0.3856403581
456 -0.2683998759 2.1064439007 -0.2587902117
457 -1.2596518388 2.1064439007 -0.3856403581
458 -0.2683998759 2.1064439007 -0.2587902117
459 -1.2596518388 2.1064439007 -0.3856403581
460 -0.2683998759 2.1064439007 -0.2587902117
461 -1.2596518388 2.1064439007 -0.3856403581
462 -0.2683998759 2.1064439007 -0.2587902117
463 -1.2596518388 2.1064439007 -0.3856403581
464 -0.2683998759 2.1064439007 -0.2587902117
465 -1.2596518388 2.1064439007 -0.3856403581
466 -0.2683998759 2.1064439007 -0.2587902117
467 -1.2596518388 2.1064439007 -0.3856403581
468 -0.2683998759 2.1064439007 -0.2587902117
469 -1.2596518388 2.1064439007 -0.3856403581
470 -0.2683998759 2.1064439007 -0.2587902117
471 -1.2596518388 2.1064439007 -0.3856403581
472 -0.2683998759 2.1064439007 -0.2587902117
473 -1.2596518388 2.1064439007 -0.3856403581
474 -0.2683998759 2.1064439007 -0.2587902117
475 -1.2596518388 2.1064439007 -0.3856403581
476 -0.2683998759 2.1064439007 -0.2587902117
477 -1.2596518388 2.1064439007 -0.3856403581
478 -0.2683998759 2.1064439007 -0.2587902117
479 -1.2596518388 2.1064439007 -0.3856403581
480 -0.2683998759 2.1064439007 -0.2587902117
481 -1.2596518388 2.1064439007 -0.3856403581
482 -0.2683998759 2.1064439007 -0.2587902117
483 -1.2596518388 2.1064439007 -0.3856403581
484 -0.2683998759 2.1064439007 -0.2587902117
485 -1.2596518388 2.1064439007 -0.3856403581
486 -0.2683998759 2.1064439007 -0.2587902117
487 -1.2596518388 2.1064439007 -0.3856403581
488 -0.2683998759 2.1064439007 -0.2587902117
489 -1.2596518388 2.1064439007 -0.3856403581
490 -0.2683998759 2.1064439007 -0.2587902117
491 -1.2596518388 2.1064439007 -0.3856403581
492 -0.2683998759 2.1064439007 -0.2587902117
493 -1.2596518388 2.1064439007 -0.3856403581
494 -0.2683998759 2.1064439007 -0.2587902117
495 -1.2596518388 2.1064439007 -0.3856403581
496 -0.2683998759 2.1064439007 -0.2587902117
497 -1.2596518388 2.1064439007 -0.3856403581
498 -0.2683998759 2.1064439007 -0.2587902117
499 -1.2596518388 2.1064439007 -0.3856403581
500 -0.2683998759 2.1064439007 -0.2587902117
501 -1.2596518388 2.1064439007 -0.3856403581
502 -0.2683998759 2.1064439007 -0.2587902117
503 -1.2596518388 2.1064439007 -0.3856403581
504 -0.2683998759 2.1064439007 -0.2587902117
505 -1.2596518388 2.1064439007 -0.3856403581
506 -0.2683998759 2.1064439007 -0.2587902117
507 -1.2596518388 2.1064439007 -0.3856403581
508 -0.2683998759 2.1064439007 -0.2587902117
509 -1.2596518388 2.1064439007 -0.3856403581
510 -0.2683998759 2.1064439007 -0.2587902117
511 -1.2596518388 2.1064439007 -0.3856403581
512 -0.2683998759 2.1064439007 -0.2587902117
513 -1.2596518388 2.1064439007 -0.3856403581
514 -0.2683998759 2.1064439007 -0.2587902117
515 -1.2596518388 2.1064439007 -0.3856403581
516 -0.2683998759 2.1064439007 -0.2587902117
517 -1.2596518388 2.1064439007 -0.3856403581
518 -0.2683998759 2.1064439007 -0.2587902117
519 -1.2596518388 2.1064439007 -0.3856403581
520 -0.2683998759 2.1064439007 -0.2587902117
521 -1.2596518388 2.1064439007 -0.3856403581
522 -0.2683998759 2.1064439007 -0.2587902117
523 -1.2596518388 2.1064439007 -0.3856403581
524 -0.2683998759 2.1064439007 -0.2587902117
525 -1.2596518388 2.1064439007 -0.3856403581
526 -0.2683998759 2.1064439007 -0.2587902117
527 -1.2596518388 2.1064439007 -0.3856403581
528 -0.2683998759 2.1064439007 -0.2587902117
529 -1.2596518388 2.1064439007 -0.3856403581
530 -0.2683998759 2.1064439007 -0.2587902117
531 -1.2596518388 2.1064439007 -0.3856403581
532 -0.2683998759 2.1064439007 -0.2587902117
533 -1.2596518388 2.1064439007 -0.3856403581
534 -0.2683998759 2.1064439007 -0.2587902117
535 -1.2596518388 2.1064439007 -0.3856403581
536 -0.2683998759 2.1064439007 -0.2587902117
537 -1.2596518388 2.1064439007 -0.3856403581
538 -0.2683998759 2.1064439007 -0.2587902117
539 -1.2596518388 2.1064439007 -0.3856403581
540 -0.2683998759 2.1064439007 -0.2587902117
541 -1.2596518388 2.1064439007 -0.3856403581
542 -0.2683998759 2.1064439007 -0.2587902117
543 -1.2596518388 2.1064439007 -0.3856403581
544 -0.2683998759 2.1064439007 -0.2587902117
545 -1.2596518388 2.1064439007 -0.3856403581
546 -0.2683998759 2.1064439007 -0.2587902117
547 -1.2596518388 2.1064439007 -0.3856403581
548 -0.2683998759 2.1064439007 -0.2587902117
549 -1.2596518388 2.1064439007 -0.3856403581
550 -0.2683998759 2.1064439007 -0.2587902117
551 -1.2596518388 2.1064439007 -0.3856403581
552 -0.2683998759 2.1064439007 -0.2587902117
553 -1.2596518388 2.1064439007 -0.3856403581
554 -0.2683998759 2.1064439007 -0.2587902117
555 -1.2596518388 2.1064439007 -0.3856403581
556 -0.2683998759 2.1064439007 -0.2587902117
557 -1.2596518388 2.1064439007 -0.3856403581
558 -0.2683998759 2.1064439007 -0.2587902117
559 -1.2596518388 2.1064439007 -0.3856403581
560 -0.2683998759 2.1064439007 -0.2587902117
561 -1.2596518388 2.1064439007 -0.3856403581
562 -0.2683998759 2.1064439007 -0.2587902117
563 -1.2596518388 2.1064439007 -0.3856403581
564 -0.2683998759 2.1064439007 -0.2587902117
565 -1.2596518388 2.1064439007 -0.3856403581
566 -0.2683998759 2.1064439007 -0.2587902117
567 -1.2596518388 2.1064439007 -0.3856403581
568 -0.2683998759 2.1064439007 -0.2587902117
569 -1.2596518388 2.1064439007 -0.3856403581
570 -0.2683998759 2.1064439007 -0.2587902117
571 -1.2596518388 2.1064439007 -0.3856403581
572 -0.2683998759 2.1064439007 -0.2587902117
573 -1.2596518388 2.1064439007 -0.3856403581
574 -0.2683998759 2.1064439007 -0.2587902117
575 -1.2596518388 2.1064439007 -0.3856403581
576 -0.2683998759 2.1064439007 -0.2587902117
577 -1.2596518388 2.1064439007 -0.3856403581
578 -0.2683998759 2.1064439007 -0.2587902117
579 -1.2596518388 2.1064439007 -0.3856403581
580 -0.2683998759 2.1064439007 -0.2587902117
581 -1.2596518388 2.1064439007 -0.3856403581
582 -0.2683998759 2.1064439007 -0.2587902117
583 -1.2596518388 2.1064439007 -0.3856403581
584 -0.2683998759 2.1064439007 -0.2587902117
585 -1.2596518388 2.1064439007 -0.3856403581
586 -0.2683998759 2.1064439007 -0.2587902117
587 -1.2596518388 2.1064439007 -0.3856403581
588 -0.2683998759 2.1064439007 -0.2587902117
589 -1.2596518388 2.1064439007 -0.3856403581
590 -0.2683998759 2.1064439007 -0.2587902117
591 -1.2596518388 2.1064439007 -0.3856403581
592 -0.2683998759 2.1064439007 -0.2587902117
593 -1.2596518388 2.1064439007 -0.3856403581
594 -0.2683998759 2.1064439007 -0.2587902117
595 -1.2596518388 2.1064439007 -0.3856403581
596 -0.2683998759 2.1064439007 -0.2587902117
597 -1.2596518388 2.1064439007 -0.3856403581
598 -0.2683998759 2.1064439007 -0.2587902117
599 -1.2596518388 2.1064439007 -0.3856403581
600 -0.2683998759 2.1064439007 -0.2587902117
601 -1.2596518388 2.1064439007 -0.3856403581
602 -0.2683998759 2.1064439007 -0.2587902117
603 -1.2596518388 2.1064439007 -0.3856403581
604 -0.2683998759 2.1064439007 -0.2587902117
605 -1.2596518388 2.1064439007 -0.3856403581
606 -0.2683998759 2.1064439007 -0.2587902117
607 -1.2596518388 2.1064439007 -0.3856403581
608 -0.2683998759 2.1064439007 -0.2587902117
609 -1.2596518388 2.1064439007 -0.3856403581
610 -0.2683998759 2.1064439007 -0.2587902117
611 -1.2596518388 2.1064439007 -0.3856403581
612 -0.2683998759 2.1064439007 -0.2587902117
613 -1.2596518388 2.1064439007 -0.3856403581
614 -0.2683998759 2.1064439007 -0.2587902117
615 -1.2596518388 2.1064439007 -0.3856403581
616 -0.2683998759 2.1064439007 -0.2587902117
617 -1.2596518388 2.1064439007 -0.3856403581
618 -0.2683998759 2.1064439007 -0.2587902117
619 -1.2596518388 2.1064439007 -0.3856403581
620 -0.2683998759 2.1064439007 -0.2587902117
621 -1.2596518388 2.1064439007 -0.3856403581
622 -0.2683998759 2.1064439007 -0.2587902117
623 -1.2596518388 2.1064439007 -0.3856403581
624 -0.2683998759 2.1064439007 -0.2587902117
625 -1.2596518388 2.1064439007 -0.3856403581
626 -0.2683998759 2.1064439007 -0.2587902117
627 -1.2596518388 2.1064439007 -0.3856403581
628 -0.2683998759 2.1064439007 -0.2587902117
629 -1.2596518388 2.1064439007 -0.3856403581
630 -0.2683998759 2.1064439007 -0.2587902117
631 -1.2596518388 2.1064439007 -0.3856403581
632 -0.2683998759 2.1064439007 -0.2587902117
633 -1.2596518388 2.1064439007 -0.3856403581
634 -0.2683998759 2.1064439007 -0.2587902117
635 -1.2596518388 2.1064439007 -0.3856403581
636 -0.2683998759 2.1064439007 -0.2587902117
637 -1.2596518388 2.1064439007 -0.3856403581
638 -0.2683998759 2.1064439007 -0.2587902117
639 -1.2596518388 2.1064439007 -0.3856403581
640 -0.2683998759 2.1064439007 -0.2587902117
641 -1.2596518388 2.1064439007 -0.3856403581
642 -0.2683998759 2.1064439007 -0.2587902117
643 -1.2596518388 2.1064439007 -0.3856403581
644 -0.2683998759 2.1064439007 -0.2587902117
645 -1.2596518388 2.1064439007 -0.3856403581
646 -0.2683998759 2.1064439007 -0.2587902117
647 -1.2596518388 2.1064439007 -0.3856403581
648 -0.2683998759 2.1064439007 -0.2587902117
649 -1.2596518388 2.1064439007 -0.3856403581
650 -0.2683998759 2.1064439007 -0.2587902117
651 -1.2596518388 2.1064439007 -0.3856403581
652 -0.2683998759 2.1064439007 -0.2587902117
653 -1.2596518388 2.1064439007 -0.3856403581
654 -0.2683998759 2.1064439007 -0.2587902117
655 -1.2596518388 2.1064439007 -0.3856403581
656 -0.2683998759 2.1064439007 -0.2587902117
657 -1.2596518388 2.1064439007 -0.3856403581
658 -0.2683998759 2.1064439007 -0.2587902117
659 -1.2596518388 2.1064439007 -0.3856403581
660 -0.2683998759 2.1064439007 -0.2587902117
661 -1.2596518388 2.1064439007 -0.3856403581
662 -0.2683998759 2.1064439007 -0.2587902117
663 -1.2596518388 2.1064439007 -0.3856403581
664 -0.2683998759 2.1064439007 -0.2587902117
665 -1.2596518388 2.1064439007 -0.3856403581
666 -0.2683998759 2.1064439007 -0.2587902117
667 -1.2596518388 2.1064439007 -0.3856403581
668 -0.2683998759 2.1064439007 -0.2587902117
669 -1.2596518388 2.1064439007 -0.3856403581
670 -0.2683998759 2.1064439007 -0.2587902117
671 -1.2596518388 2.1064439007 -0.3856403581
672 -0.2683998759 2.1064439007 -0.2587902117
673 -1.2596518388 2.1064439007 -0.3856403581
674 -0.2683998759 2.1064439007 -0.2587902117
675 -1.2596518388 2.1064439007 -0.3856403581
676 -0.2683998759 2.1064439007 -0.2587902117
677 -1.2596518388 2.1064439007 -0.3856403581
678 -0.2683998759 2.1064439007 -0.2587902117
679 -1.2596518388 2.1064439007 -0.3856403581
680 -0.2683998759 2.1064439007 -0.2587902117
681 -1.2596518388 2.1064439007 -0.3856403581
682 -0.2683998759 2.1064439007 -0.2587902117
683 -1.2596518388 2.1064439007 -0.3856403581
684 -0.2683998759 2.1064439007 -0.2587902117
685 -1.2596518388 2.1064439007 -0.3856403581
686 -0.2683998759 2.1064439007 -0.2587902117
687 -1.2596518388 2.1064439007 -0.3856403581
688 -0.2683998759 2.1064439007 -0.2587902117
689 -1.2596518388 2.1064439007 -0.3856403581
690 -0.2683998759 2.1064439007 -0.2587902117
691 -1.2596518388 2.1064439007 -0.3856403581
692 -0.2683998759 2.1064439007 -0.2587902117
693 -1.2596518388 2.1064439007 -0.3856403581
694 -0.2683998759 2.1064439007 -0.2587902117
695 -1.2596518388 2.1064439007 -0.3856403581
696 -0.2683998759 2.1064439007 -0.2587902117
697 -1.2596518388 2.1064439007 -0.3856403581
698 -0.2683998759 2.1064439007 -0.2587902117
699 -1.2596518388 2.1064439007 -0.3856403581
700 -0.2683998759 2.1064439007 -0.2587902117
701 -1.2596518388 2.1064439007 -0.3856403581
702 -0.2683998759 2.1064439007 -0.2587902117
703 -1.2596518388 2.1064439007 -0.3856403581
704 -0.2683998759 2.1064439007 -0.2587902117
705 -1.2596518388 2.1064439007 -0.3856403581
706 -0.2683998759 2.1064439007 -0.2587902117
707 -1.2596518388 2.1064439007 -0.3856403581
708 -0.2683998759 2.1064439007 -0.2587902117
709 -1.2596518388 2.1064439007 -0.3856403581
710 -0.2683998759 2.1064439007 -0.2587902117
711 -1.2596518388 2.1064439007 -0.3856403581
712 -0.2683998759 2.1064439007 -0.2587902117
713 -1.2596518388 2.1064439007 -0.3856403581
714 -0.2683998759 2.1064439007 -0.2587902117
715 -1.2596518388 2.1064439007 -0.3856403581
716 -0.2683998759 2.1064439007 -0.2587902117
717 -1.2596518388 2.1064439007 -0.3856403581
718 -0.2683998759 2.1064439007 -0.2587902117
719 -1.2596518388 2.1064439007 -0.3856403581
720 -0.2683998759 2.1064439007 -0.2587902117
721 -1.2596518388 2.1064439007 -0.3856403581
722 -0.2683998759 2.1064439007 -0.2587902117
723 -1.2596518388 2.1064439007 -0.3856403581
724 -0.2683998759 2.1064439007 -0.2587902117
725 -1.2596518388 2.1064439007 -0.3856403581
726 -0.2683998759 2.1064439007 -0.2587902117
727 -1.2596518388 2.1064439007 -0.3856403581
728 -0.2683998759 2.1064439007 -0.2587902117
729 -1.2596518388 2.1064439007 -0.3856403581
730 -0.2683998759 2.1064439007 -0.2587902117
731 -1.2596518388 2.1064439007 -0.3856403581
732 -0.2683998759 2.1064439007 -0.2587902117
733 -1.2596518388 2.1064439007 -0.3856403581
734 -0.2683998759 2.1064439007 -0.2587902117
735 -1.2596518388 2.1064439007 -0.3856403581
736 -0.2683998759 2.1064439007 -0.2587902117
737 -1.2596518388 2.1064439007 -0.3856403581
738 -0.2683998759 2.1064439007 -0.2587902117
739 -1.2596518388 2.1064439007 -0.3856403581
740 -0.2683998759 2.1064439007 -0.2587902117
741 -1.2596518388 2.1064439007 -0.3856403581
742 -0.2683998759 2.1064439007 -0.2587902117
743 -1.2596518388 2.1064439007 -0.3856403581
744 -0.2683998759 2.1064439007 -0.2587902117
745 -1.2596518388 2.1064439007 -0.3856403581
746 -0.2683998759 2.1064439007 -0.2587902117
747 -1.2596518388 2.1064439007 -0.3856403581
748 -0.2683998759 2.1064439007 -0.2587902117
749 -1.2596518388 2.1064439007 -0.3856403581
750 -0.2683998759 2.1064439007 -0.2587902117
751 -1.2596518388 2.1064439007 -0.3856403581
752 -0.2683998759 2.1064439007 -0.2587902117
753 -1.2596518388 2.1064439007 -0.3856403581
754 -0.2683998759 2.1064439007 -0.2587902117
755 -1.2596518388 2.1064439007 -0.3856403581
756 -0.2683998759 2.1064439007 -0.2587902117
757 -1.2596518388 2.1064439007 -0.3856403581
758 -0.2683998759 2.1064439007 -0.2587902117
759 -1.2596518388 2.1064439007 -0.3856403581
760 -0.2683998759 2.1064439007 -0.2587902117
761 -1.2596518388 2.1064439007 -0.3856403581
762 -0.2683998759 2.1064439007 -0.2587902117
763 -1.2596518388 2.1064439007 -0.3856403581
764 -0.2683998759 2.1064439007 -0.2587902117
765 -1.2596518388 2.1064439007 -0.3856403581
766 -0.2683998759 2.1064439007 -0.2587902117
767 -1.2596518388 2.1064439007 -0.3856403581
768 -0.2683998759 2.1064439007 -0.2587902117
769 -1.2596518388 2.1064439007 -0.3856403581
770 -0.2683998759 2.1064439007 -0.2587902117
771 -1.2596518388 2.1064439007 -0.3856403581
772 -0.2683998759 2.1064439007 -0.2587902117
773 -1.2596518388 2.1064439007 -0.3856403581
774 -0.2683998759 2.1064439007 -0.2587902117
775 -1.2596518388 2.1064439007 -0.3856403581
776 -0.2683998759 2.1064439007 -0.2587902117
777 -1.2596518388 2.1064439007 -0.3856403581
778 -0.2683998759 2.1064439007 -0.2587902117
779 -1.2596518388 2.1064439007 -0.3856403581
780 -0.2683998759 2.1064439007 -0.2587902117
781 -1.2596518388 2.1064439007 -0.3856403581
782 -0.2683998759 2.1064439007 -0.2587902117
783 -1.2596518388 2.1064439007 -0.3856403581
784 -0.2683998759 2.1064439007 -0.2587902117
785 -1.2596518388 2.1064439007 -0.3856403581
786 -0.2683998759 2.1064439007 -0.2587902117
787 -1.2596518388 2.1064439007 -0.3856403581
788 -0.2683998759 2.1064439007 -0.2587902117
789 -1.2596518388 2.1064439007 -0.3856403581
790 -0.2683998759 2.1064439007 -0.2587902117
791 -1.2596518388 2.1064439007 -0.3856403581
792 -0.2683998759 2.1064439007 -0.2587902117
793 -1.2596518388 2.1064439007 -0.3856403581
794 -0.2683998759 2.1064439007 -0.2587902117
795 -1.2596518388 2.1064439007 -0.3856403581
796 -0.2683998759 2.1064439007 -0.2587902117
797 -1.2596518388 2.1064439007 -0.3856403581
798 -0.2683998759 2.1064439007 -0.2587902117
799 -1.2596518388 2.1064439007 -0.3856403581
800 -0.2683998759 2.1064439007 -0.2587902117
801 -1.2596518388 2.1064439007 -0.3856403581
802 -0.2683998759 2.1064439007 -0.2587902117
803 -1.2596518388 2.1064439007 -0.3856403581
804 -0.2683998759 2.1064439007 -0.2587902117
805 -1.2596518388 2.1064439007 -0.3856403581
806 -0.2683998759 2.1064439007 -0.2587902117
807 -1.2596518388 2.1064439007 -0.3856403581
808 -0.2683998759 2.1064439007 -0.2587902117
809 -1.2596518388 2.1064439007 -0.3856403581
810 -0.2683998759 2.1064439007 -0.2587902117
811 -1.2596518388 2.1064439007 -0.3856403581
812 -0.2683998759 2.1064439007 -0.2587902117
813 -1.2596518388 2.1064439007 -0.3856403581
814 -0.2683998759 2.1064439007 -0.2587902117
815 -1.2596518388 2.1064439007 -0.3856403581
816 -0.2683998759 2.1064439007 -0.2587902117
817 -1.2596518388 2.1064439007 -0.3856403581
818 -0.2683998759 2.1064439007 -0.2587902117
819 -1.2596518388 2.1064439007 -0.3856403581
820 -0.2683998759 2.1064439007 -0.2587902117
821 -1.2596518388 2.1064439007 -0.3856403581
822 -0.2683998759 2.1064439007 -0.2587902117
823 -1.2596518388 2.1064439007 -0.3856403581
824 -0.2683998759 2.1064439007 -0.2587902117
825 -1.2596518388 2.1064439007 -0.3856403581
826 -0.2683998759 2.1064439007 -0.2587902117
827 -1.2596518388 2.1064439007 -0.3856403581
828 -0.2683998759 2.1064439007 -0.2587902117
829 -1.2596518388 2.1064439007 -0.3856403581
830 -0.2683998759 2.1064439007 -0.2587902117
831 -1.2596518388 2.1064439007 -0.3856403581
832 -0.2683998759 2.1064439007 -0.2587902117
833 -1.2596518388 2.1064439007 -0.3856403581
834 -0.2683998759 2.1064439007 -0.2587902117
835 -1.2596518388 2.1064439007 -0.3856403581
836 -0.2683998759 2.1064439007 -0.2587902117
837 -1.2596518388 2.1064439007 -0.3856403581
838 -0.2683998759 2.1064439007 -0.2587902117
839 -1.2596518388 2.1064439007 -0.3856403581
840 -0.2683998759 2.1064439007 -0.2587902117
841 -1.2596518388 2.1064439007 -0.3856403581
842 -0.2683998759 2.1064439007 -0.2587902117
843 -1.2596518388 2.1064439007 -0.3856403581
844 -0.2683998759 2.1064439007 -0.2587902117
845 -1.2596518388 2.1064439007 -0.3856403581
846 -0.2683998759 2.1064439007 -0.2587902117
847 -1.2596518388 2.1064439007 -0.3856403581
848 -0.2683998759 2.1064439007 -0.2587902117
849 -1.2596518388 2.1064439007 -0.3856403581
850 -0.2683998759 2.1064439007 -0.2587902117
851 -1.2596518388 2.1064439007 -0.3856403581
852 -0.2683998759 2.1064439007 -0.2587902117
853 -1.2596518388 2.1064439007 -0.3856403581
854 -0.2683998759 2.1064439007 -0.2587902117
855 -1.2596518388 2.1064439007 -0.3856403581
856 -0.2683998759 2.1064439007 -0.2587902117
857 -1.2596518388 2.1064439007 -0.3856403581
858 -0.2683998759 2.1064439007 -0.2587902117
859 -1.2596518388 2.1064439007 -0.3856403581
860 -0.2683998759 2.1064439007 -0.2587902117
861 -1.2596518388 2.1064439007 -0.3856403581
862 -0.2683998759 2.1064439007 -0.2587902117
863 -1.2596518388 2.1064439007 -0.3856403581
864 -0.2683998759 2.1064439007 -0.2587902117
865 -1.2596518388 2.1064439007 -0.3856403581
866 -0.2683998759 2.1064439007 -0.2587902117
867 -1.2596518388 2.1064439007 -0.3856403581
868 -0.2683998759 2.1064439007 -0.2587902117
869 -1.2596518388 2.1064439007 -0.3856403581
870 -0.2683998759 2.1064439007 -0.2587902117
871 -1.2596518388 2.1064439007 -0.3856403581
872 -0.2683998759 2.1064439007 -0.2587902117
873 -1.2596518388 2.1064439007 -0.3856403581
874 -0.2683998759 2.1064439007 -0.2587902117
875 -1.2596518388 2.1064439007 -0.3856403581
876 -0.2683998759 2.1064439007 -0.2587902117
877 -1.2596518388 2.1064439007 -0.3856403581
878 -0.2683998759 2.1064439007 -0.2587902117
879 -1.2596518388 2.1064439007 -0.3856403581
880 -0.2683998759 2.1064439007 -0.2587902117
881 -1.2596518388 2.1064439007 -0.3856403581
882 -0.2683998759 2.1064439007 -0.2587902117
883 -1.2596518388 2.1064439007 -0.3856403581
884 -0.2683998759 2.1064439007 -0.2587902117
885 -1.2596518388 2.1064439007 -0.3856403581
886 -0.2683998759 2.1064439007 -0.2587902117
887 -1.2596518388 2.1064439007 -0.3856403581
888 -0.2683998759 2.1064439007 -0.2587902117
889 -1.2596518388 2.1064439007 -0.3856403581
890 -0.2683998759 2.1064439007 -0.2587902117
891 -1.2596518388 2.1064439007 -0.3856403581
892 -0.2683998759 2.1064439007 -0.2587902117
893 -1.2596518388 2.1064439007 -0.3856403581
894 -0.2683998759 2.1064439007 -0.2587902117
895 -1.2596518388 2.1064439007 -0.3856403581
896 -0.2683998759 2.1064439007 -0.2587902117
897 -1.2596518388 2.1064439007 -0.3856403581
898 -0.2683998759 2.1064439007 -0.2587902117
899 -1.2596518388 2.1064439007 -0.3856403581
900 -0.2683998759 2.1064439007 -0.2587902117
901 -1.2596518388 2.1064439007 -0.3856403581
902 -0.2683998759 2.1064439007 -0.2587902117
903 -1.2596518388 2.1064439007 -0.3856403581
904 -0.2683998759 2.1064439007 -0.2587902117
905 -1.2596518388 2.1064439007 -0.3856403581
906 -0.2683998759 2.1064439007 -0.2587902117
907 -1.2596518388 2.1064439007 -0.3856403581
908 -0.2683998759 2.1064439007 -0.2587902117
909 -1.2596518388 2.1064439007 -0.3856403581
910 -0.2683998759 2.1064439007 -0.2587902117
911 -1.2596518388 2.1064439007 -0.3856403581
912 -0.2683998759 2.1064439007 -0.2587902117
913 -1.2596518388 2.1064439007 -0.3856403581
914 -0.2683998759 2.1064439007 -0.2587902117
915 -1.2596518388 2.1064439007 -0.3856403581
916 -0.2683998759 2.1064439007 -0.2587902117
917 -1.2596518388 2.1064439007 -0.3856403581
918 -0.2683998759 2.1064439007 -0.2587902117
919 -1.2596518388 2.1064439007 -0.3856403581
920 -0.2683998759 2.1064439007 -0.2587902117
921 -1.2596518388 2.1064439007 -0.3856403581
922 -0.2683998759 2.1064439007 -0.2587902117
923 -1.2596518388 2.1064439007 -0.3856403581
924 -0.2683998759 2.1064439007 -0.2587902117
925 -1.2596518388 2.1064439007 -0.3856403581
926 -0.2683998759 2.1064439007 -0.2587902117
927 -1.2596518388 2.1064439007 -0.3856403581
928 -0.2683998759 2.1064439007 -0.2587902117
929 -1.2596518388 2.1064439007 -0.3856403581
930 -0.2683998759 2.1064439007 -0.2587902117
931 -1.2596518388 2.1064439007 -0.3856403581
932 -0.2683998759 2.1064439007 -0.2587902117
933 -1.2596518388 2.1064439007 -0.3856403581
934 -0.2683998759 2.1064439007 -0.2587902117
935 -1.2596518388 2.1064439007 -0.3856403581
936 -0.2683998759 2.1064439007 -0.2587902117
937 -1.2596518388 2.1064439007 -0.3856403581
938 -0.2683998759 2.1064439007 -0.2587902117
939 -1.2596518388 2.1064439007 -0.3856403581
940 -0.2683998759 2.1064439007 -0.2587902117
941 -1.2596518388 2.1064439007 -0.3856403581
942 -0.2683998759 2.1064439007 -0.2587902117
943 -1.2596518388 2.1064439007 -0.3856403581
944 -0.2683998759 2.1064439007 -0.2587902117
945 -1.2596518388 2.1064439007 -0.3856403581
946 -0.2683998759 2.1064439007 -0.2587902117
947 -1.2596518388 2.1064439007 -0.3856403581
948 -0.2683998759 2.1064439007 -0.2587902117
949 -1.2596518388 2.1064439007 -0.3856403581
950 -0.2683998759 2.1064439007 -0.2587902117
951 -1.2596518388 2.1064439007 -0.3856403581
952 -0.2683998759 2.1064439007 -0.2587902117
953 -1.2596518388 2.1064439007 -0.3856403581
954 -0.2683998759 2.1064439007 -0.2587902117
955 -1.2596518388 2.1064439007 -0.3856403581
956 -0.2683998759 2.1064439007 -0.2587902117
957 -1.2596518388 2.1064439007 -0.3856403581
958 -0.2683998759 2.1064439007 -0.2587902117
959 -1.2596518388 2.1064439007 -0.3856403581
960 -0.2683998759 2.1064439007 -0.2587902117
961 -1.2596518388 2.1064439007 -0.3856403581
962 -0.2683998759 2.1064439007 -0.2587902117
963 -1.2596518388 2.1064439007 -0.3856403581
964 -0.2683998759 2.1064439007 -0.2587902117
965 -1.2596518388 2.1064439007 -0.3856403581
966 -0.2683998759 2.1064439007 -0.2587902117
967 -1.2596518388 2.1064439007 -0.3856403581
968 -0.2683998759 2.1064439007 -0.2587902117
969 -1.2596518388 2.1064439007 -0.3856403581
970 -0.2683998759 2.1064439007 -0.2587902117
971 -1.2596518388 2.1064439007 -0.3856403581
972 -0.2683998759 2.1064439007 -0.2587902117
973 -1.2596518388 2.1064439007 -0.3856403581
974 -0.2683998759 2.1064439007 -0.2587902117
975 -1.2596518388 2.1064439007 -0.3856403581
976 -0.2683998759 2.1064439007 -0.2587902117
977 -1.2596518388 2.1064439007 -0.3856403581
978 -0.2683998759 2.1064439007 -0.2587902117
979 -1.2596518388 2.1064439007 -0.3856403581
980 -0.2683998759 2.1064439007 -0.2587902117
981 -1.2596518388 2.1064439007 -0.3856403581
982 -0.2683998759 2.1064439007 -0.2587902117
983 -1.2596518388 2.1064439007 -0.3856403581
984 -0.2683998759 2.1064439007 -0.2587902117
985 -1.2596518388 2.1064439007 -0.3856403581
986 -0.2683998759 2.1064439007 -0.2587902117
987 -1.2596518388 2.1064439007 -0.3856403581
988 -0.2683998759 2.1064439007 -0.2587902117
989 -1.2596518388 2.1064439007 -0.3856403581
990 -0.2683998759 2.1064439007 -0.2587902117
991 -1.2596518388 2.1064439007 -0.3856403581
992 -0.2683998759 2.1064439007 -0.2587902117
993 -1.2596518388 2.1064439007 -0.3856403581
994 -0.2683998759 2.1064439007 -0.2587902117
995 -1.2596518388 2.1064439007 -0.3856403581
996 -0.2683998759 2.1064439007 -0.2587902117
997 -1.2596518388 2.1064439007 -0.3856403581
998 -0.2683998759 2.1064439007 -0.2587902117
999 -1.2596518388 2.1064439007 -0.3856403581
