0 0.7557628633 2.1064439007 0.5500053277
1 0.7117861137 2.1064439007 0.5389618955
2 0.6504100851 2.1064439007 0.5176194702
3 0.5659892638 2.1064439007 0.4777280602
4 0.4524745683 2.1064439007 0.4069411451
5 0.3051491641 2.1064439007 0.2910519285
6 0.1241030145 2.1064439007 0.1231485505
7 -0.0810558651 2.1064439007 -0.0807897402
8 -0.2889881862 2.1064439007 -0.2770046308
9 -0.4729851746 2.1064439007 -0.4210572547
10 -0.6146818318 2.1064439007 -0.5021686102
11 -0.7118007020 2.1064439007 -0.5389661589
12 -0.7731710772 2.1064439007 -0.5533582038
13 -0.8100702779 2.1064439007 -0.5585009521
14 -0.8316340786 2.1064439007 -0.5602461162
15 -0.8440374849 2.1064439007 -0.5608214736
16 -0.8511091843 2.1064439007 -0.5610081351
17 -0.8551212603 2.1064439007 -0.5610681518
18 -0.8573912201 2.1064439007 -0.5610873520
19 -0.8586735381 2.1064439007 -0.5610934770
20 -0.8593973001 2.1064439007 -0.5610954279
21 -0.8598056037 2.1064439007 -0.5610960487
22 -0.8600358809 2.1064439007 -0.5610962461
23 -0.8601657336 2.1064439007 -0.5610963089
24 -0.8602389509 2.1064439007 -0.5610963289
25 -0.8602802323 2.1064439007 -0.5610963352
26 -0.8603035069 2.1064439007 -0.5610963373
27 -0.8603166291 2.1064439007 -0.5610963379
28 -0.8603240272 2.1064439007 -0.5610963381
29 -0.8603281982 2.1064439007 -0.5610963382
30 -0.8603305498 2.1064439007 -0.5610963382
31 -0.8603318755 2.1064439007 -0.5610963382
32 -0.8603326230 2.1064439007 -0.5610963382
33 -0.8603330444 2.1064439007 -0.5610963382
34 -0.8603332820 2.1064439007 -0.5610963382
35 -0.8603334159 2.1064439007 -0.5610963382
