0.7557628633 0.5500053277
0.3767251639 0.3503070697
-1.0555020180 -0.5201418554
-0.2850724056 -0.2735672518
-1.8769153749 0.5656279449
1.9078282079 -0.6308947865
5.7652673785 5.0091631572
-0.9734991801 -0.5475053356
-0.5345078311 -0.4599543864
-1.5992073295 0.0454289716
1.3456067876 0.3004620464
3.3155049413 -3.2654916630
4.0597959837 -2.4653054743
-0.6793406246 -0.5285182834
-1.3149599787 -0.3327567026
0.5296219310 0.4570627389
-0.5481052343 -0.4678151407
-1.5760253060 0.0082409659
1.2860059088 0.3613114842
3.0113883904 -2.9858981728
5.5137569442 3.9605784191
-2.7296448076 2.5012899672
0.9071497013 0.5587983874
1.0856422532 0.5062834663
1.9798145665 -0.7873895631
5.9875379437 5.7277609908
1.0984783077 0.4997546164
2.0455804893 -0.9351299484
6.1659879546 6.1236908025
3.0634224591 -3.0540675813
5.3008915855 2.9426105462
-3.6844077900 3.1548033569
-5.5793283968 -4.2534111284
