0 0.7557628633 2.1064439007 0.5500053277
1 0.6699034949 2.1064439007 0.5251250171
2 0.5190515460 2.1064439007 0.4506872966
3 0.2686190385 2.1064439007 0.2589859094
4 -0.0974481341 2.1064439007 -0.0969858096
5 -0.5016157079 2.1064439007 -0.4398200662
6 -0.7622151883 2.1064439007 -0.5513164523
7 -0.8429766577 2.1064439007 -0.5607845942
8 -0.8576770053 2.1064439007 -0.5610890124
9 -0.8599376166 2.1064439007 -0.5610961754
10 -0.8602748081 2.1064439007 -0.5610963346
11 -0.8603248685 2.1064439007 -0.5610963381
12 -0.8603322954 2.1064439007 -0.5610963382
13 -0.8603333971 2.1064439007 -0.5610963382
14 -0.8603335606 2.1064439007 -0.5610963382
