0 0.7557628633 2.1064439007 0.5500053277
1 0.4395490920 2.1064439007 0.3977671512
2 -0.6444824193 2.1064439007 -0.5152062248
3 -1.2669279956 2.1064439007 -0.3790820160
4 0.1066761697 2.1064439007 0.1060697681
5 -1.3775892884 2.1064439007 -0.2645071222
6 0.3739351229 2.1064439007 0.3480951325
7 -0.8254662838 2.1064439007 -0.5598431073
8 -0.9335956388 2.1064439007 -0.5554406603
9 -0.6988765531 2.1064439007 -0.5350357420
10 -1.1759423480 2.1064439007 -0.4523537502
11 -0.1177594075 2.1064439007 -0.1169438494
12 -1.5964104784 2.1064439007 0.0408862289
13 0.8520517547 2.1064439007 0.5610252255
14 0.8261430355 2.1064439007 0.5598911039
15 0.7200881832 2.1064439007 0.5413245488
16 0.3019922385 2.1064439007 0.2883258355
17 -1.0040466958 2.1064439007 -0.5390653556
18 -0.5356872613 2.1064439007 -0.4606471356
19 -1.4212811703 2.1064439007 -0.2117122177
20 0.4759822053 2.1064439007 0.4230734953
21 -0.5368389390 2.1064439007 -0.4613215954
22 -1.4198541417 2.1064439007 -0.2135030006
23 0.4726900173 2.1064439007 0.4208580405
24 -0.5467699833 2.1064439007 -0.4670554910
25 -1.4073579177 2.1064439007 -0.2289936688
26 0.4437378254 2.1064439007 0.4007632633
27 -0.6323614049 2.1064439007 -0.5100842394
28 -1.2860042921 2.1064439007 -0.3613130253
29 0.1533976250 2.1064439007 0.1515963744
30 -1.3034790357 2.1064439007 -0.3443074219
31 0.1960089405 2.1064439007 0.1922556969
32 -1.2274343928 2.1064439007 -0.4132215333
33 0.0094551247 2.1064439007 0.0094547021
34 -1.5003423882 2.1064439007 -0.1056176032
35 0.6532567477 2.1064439007 0.5187568280
36 0.0536735355 2.1064439007 0.0535962414
37 -1.4498039533 2.1064439007 -0.1749875462
38 0.5411424557 2.1064439007 0.4638244243
39 -0.3321960186 2.1064439007 -0.3140343501
40 -1.5960550992 2.1064439007 0.0403101058
41 0.8513560218 2.1064439007 0.5610127880
42 0.8232770345 2.1064439007 0.5596814765
43 0.7084435674 2.1064439007 0.5379746828
44 0.2578221000 2.1064439007 0.2493004561
45 -1.1030039866 2.1064439007 -0.4973631426
46 -0.2972877991 2.1064439007 -0.2842471166
47 -1.6095541248 2.1064439007 0.0623671565
48 0.8775570026 2.1064439007 0.5607871417
49 0.9318674149 2.1064439007 0.5557060716
50 1.1609443144 2.1064439007 0.4626056617
51 2.1670891380 2.1064439007 -1.2169915894
52 5.7226539757 2.1064439007 4.8469320063
53 -0.1502544373 2.1064439007 -0.1485615241
54 -1.6092790728 2.1064439007 0.0619141935
55 0.8770278259 2.1064439007 0.5608058808
56 0.9296611631 2.1064439007 0.5560355165
57 1.1515420694 2.1064439007 0.4687690667
58 2.1250855638 2.1064439007 -1.1185156004
59 5.6482865730 2.1064439007 4.5476149148
60 -0.6259262804 2.1064439007 -0.5072636816
61 -1.2959480438 2.1064439007 -0.3517214882
62 0.1776692780 2.1064439007 0.1748724594
63 -1.2611458894 2.1064439007 -0.3843035861
64 0.0924789046 2.1064439007 0.0920837305
65 -1.3981730279 2.1064439007 -0.2401603324
66 0.4223215045 2.1064439007 0.3852162792
67 -0.6936275486 2.1064439007 -0.5333523322
68 -1.1850940069 2.1064439007 -0.4458441607
69 -0.0951451111 2.1064439007 -0.0947147810
70 -1.5846667589 2.1064439007 0.0219793079
71 0.8288935531 2.1064439007 0.5600766007
72 0.7312802170 2.1064439007 0.5443065307
73 0.3447892961 2.1064439007 0.3244973051
74 -0.9003694892 2.1064439007 -0.5594180167
75 -0.7732729378 2.1064439007 -0.5533760916
76 -1.0382957935 2.1064439007 -0.5271315985
77 -0.4541607443 2.1064439007 -0.4081222576
78 -1.5102327741 2.1064439007 -0.0914091577
79 0.6746426403 2.1064439007 0.5268488217
80 0.1317431499 2.1064439007 0.1306015185
81 -1.3390396151 2.1064439007 -0.3075608250
82 0.2820238570 2.1064439007 0.2708822693
83 -1.0498065514 2.1064439007 -0.5225294955
84 -0.4264986660 2.1064439007 -0.3882928212
85 -1.5348135946 2.1064439007 -0.0552148698
86 0.7269325495 2.1064439007 0.5431759830
87 0.3281247446 2.1064439007 0.3106187458
88 -0.9416404623 2.1064439007 -0.5541200661
89 -0.6805962577 2.1064439007 -0.5289578174
90 -1.2074775491 2.1064439007 -0.4291113441
91 -0.0398275049 2.1064439007 -0.0397959212
92 -1.5462354851 2.1064439007 -0.0379730270
93 0.7507927691 2.1064439007 0.5489408244
94 0.4201881440 2.1064439007 0.3836369045
95 -0.6996337699 2.1064439007 -0.5352744529
96 -1.1746157793 2.1064439007 -0.4532813652
97 -0.1210368322 2.1064439007 -0.1201513244
98 -1.5979222450 2.1064439007 0.0433397927
99 0.8550078021 2.1064439007 0.5610669121
100 0.8383310233 2.1064439007 0.5605958851
101 0.7698041855 2.1064439007 0.5527555623
102 0.4945804475 2.1064439007 0.4353138502
103 -0.4799874185 2.1064439007 -0.4257491918
104 -1.4846778396 2.1064439007 -0.1277002270
105 0.6189993247 2.1064439007 0.5041498660
106 -0.0685088320 2.1064439007 -0.0683481231
107 -1.5678850733 2.1064439007 -0.0045645045
108 0.7952153680 2.1064439007 0.5567549359
109 0.5953883449 2.1064439007 0.4929403283
110 -0.1505802393 2.1064439007 -0.1488763036
111 -1.6093842694 2.1064439007 0.0620874168
112 0.8772302385 2.1064439007 0.5607987824
113 0.9305050028 2.1064439007 0.5559107531
114 1.1551373009 2.1064439007 0.4664362731
115 2.1411445064 2.1064439007 -1.1560577660
116 5.6777976355 2.1064439007 4.6687481999
117 -0.4428479898 2.1064439007 -0.4001286250
118 -1.5206379087 2.1064439007 -0.0762408141
119 0.6969300613 2.1064439007 0.5344173232
120 0.2145150582 2.1064439007 0.2095983174
121 -1.1919218063 2.1064439007 -0.4408621278
122 -0.0782704255 2.1064439007 -0.0780307954
123 -1.5744062510 2.1064439007 0.0056834749
124 0.8083826714 2.1064439007 0.5583248036
125 0.6482170171 2.1064439007 0.5167336948
126 0.0354738942 2.1064439007 0.0354515764
127 -1.4716763344 2.1064439007 -0.1456338037
128 0.5902211784 2.1064439007 0.4903661451
129 -0.1683017704 2.1064439007 -0.1659237768
130 -1.6143966120 2.1064439007 0.0703658537
131 0.8868411604 2.1064439007 0.5603625837
132 0.9706597804 2.1064439007 0.5481851242
133 1.3274577965 2.1064439007 0.3198431731
134 2.9090399603 2.1064439007 -2.8307322892
135 5.3907327526 2.1064439007 3.3827081153
136 -1.8947142456 2.1064439007 0.6030556451
137 1.2981265483 2.1064439007 0.3495900721
138 2.7792314564 2.1064439007 -2.5987549096
139 5.6788134418 2.1064439007 4.6728638544
140 -0.4364122932 2.1064439007 -0.3955091072
141 -1.5263401758 2.1064439007 -0.0678328606
142 0.7090496673 2.1064439007 0.5381552201
143 0.2601120325 2.1064439007 0.2513621683
144 -1.0980774971 2.1064439007 -0.4999641618
145 -0.3093339179 2.1064439007 -0.2946518638
146 -1.6054693124 2.1064439007 0.0556552612
147 0.8696779725 2.1064439007 0.5610054733
148 0.8990727903 2.1064439007 0.5595253724
149 1.0220070339 2.1064439007 0.5331347610
150 1.5509260265 2.1064439007 0.0308153379
151 3.8623598383 2.1064439007 -2.9017895487
152 1.1478204632 2.1064439007 0.4711526052
153 2.1084656257 2.1064439007 -1.0798201701
154 5.6163563810 2.1064439007 4.4132593490
155 -0.8154708648 2.1064439007 -0.5590262004
156 -0.9541241117 2.1064439007 -0.5517924299
157 -0.6520364159 2.1064439007 -0.5182709740
158 -1.2548132067 2.1064439007 -0.3899345446
159 0.0769131865 2.1064439007 0.0766858033
160 -1.4196988986 2.1064439007 -0.2136975467
161 0.4723316908 2.1064439007 0.4206160348
162 -0.5478484691 2.1064439007 -0.4676692710
163 -1.4059803686 2.1064439007 -0.2306803042
164 0.4405329995 2.1064439007 0.3984728952
165 -0.6416412773 2.1064439007 -0.5140281404
166 -1.2714397622 2.1064439007 -0.3749545130
167 0.1177434175 2.1064439007 0.1169281914
168 -1.3609161498 2.1064439007 -0.2835369557
169 0.3343749580 2.1064439007 0.3158558081
170 -0.9262951166 2.1064439007 -0.5565179031
171 -0.7153781529 2.1064439007 -0.5399998104
172 -1.1466743958 2.1064439007 -0.4718802133
173 -0.1900005068 2.1064439007 -0.1865812841
174 -1.6186428530 2.1064439007 0.0774168915
175 0.8949313953 2.1064439007 0.5598443279
176 1.0045919054 2.1064439007 0.5388959161
177 1.4747844041 2.1064439007 0.1413794395
178 3.5466971556 2.1064439007 -3.2596318020
179 2.8237927400 2.1064439007 -2.6823918658
180 5.5905606216 2.1064439007 4.3023425550
181 -0.9620495508 2.1064439007 -0.5501382303
182 -0.6337872299 2.1064439007 -0.5106997239
183 -1.2837837080 2.1064439007 -0.3634241650
184 0.1479692110 2.1064439007 0.1463522799
185 -1.3125895218 2.1064439007 -0.3351660773
186 0.2181415758 2.1064439007 0.2129719099
187 -1.1847874705 2.1064439007 -0.4460653169
188 -0.0959026705 2.1064439007 -0.0954619845
189 -1.5850973351 2.1064439007 0.0226677175
190 0.8297486739 2.1064439007 0.5601311356
191 0.7347630604 2.1064439007 0.5451865649
192 0.3581749300 2.1064439007 0.3354445005
193 -0.8663964007 2.1064439007 -0.5610581131
194 -0.8473438055 2.1064439007 -0.5609215699
195 -0.8879193769 2.1064439007 -0.5603015060
196 -0.8006635423 2.1064439007 -0.5574464263
197 -0.9841280519 2.1064439007 -0.5448029308
198 -0.5824948747 2.1064439007 -0.4864372742
199 -1.3596270453 2.1064439007 -0.2849823842
200 0.3313035956 2.1064439007 0.3132870141
201 -0.9338559555 2.1064439007 -0.5554001226
202 -0.6982866008 2.1064439007 -0.5348490370
203 -1.1769747775 2.1064439007 -0.4516290157
204 -0.1152085573 2.1064439007 -0.1144448204
205 -1.5952005726 2.1064439007 0.0389258028
206 0.8496817939 2.1064439007 0.5609787616
207 0.8163842304 2.1064439007 0.5591092280
208 0.6805111259 2.1064439007 0.5289281061
209 0.1534000674 2.1064439007 0.1515987308
210 -1.3034749071 2.1064439007 -0.3443115217
211 0.1959988972 2.1064439007 0.1922462293
212 -1.2274532586 2.1064439007 -0.4132060793
213 0.0095016794 2.1064439007 0.0095012505
214 -1.5002938346 2.1064439007 -0.1056868490
215 0.6531512876 2.1064439007 0.5187149428
216 0.0532919125 2.1064439007 0.0532162551
217 -1.4502779613 2.1064439007 -0.1743623204
218 0.5422145515 2.1064439007 0.4644436331
219 -0.3287032602 2.1064439007 -0.3111050621
220 -1.5976333919 2.1064439007 0.0428706449
221 0.8544434375 2.1064439007 0.5610603494
222 0.8360027561 2.1064439007 0.5604846766
223 0.7602826921 2.1064439007 0.5509321845
224 0.4572099684 2.1064439007 0.4102488524
225 -0.5929255080 2.1064439007 -0.4917187489
226 -1.3448887498 2.1064439007 -0.3012429367
227 0.2960672020 2.1064439007 0.2831857087
228 -1.0177996831 2.1064439007 -0.5345886888
229 -0.5030987921 2.1064439007 -0.4407611846
230 -1.4597250326 2.1064439007 -0.1618003851
231 0.5635043935 2.1064439007 0.4763800928
232 -0.2585266243 2.1064439007 -0.2499351913
233 -1.6185439334 2.1064439007 0.0772522374
234 0.8947434701 2.1064439007 0.5598579382
235 1.0038023755 2.1064439007 0.5391410704
236 1.4713404854 2.1064439007 0.1460922833
237 3.5321547578 2.1064439007 -3.2661665793
238 2.8979166310 2.1064439007 -2.8123052584
239 5.4190772687 2.1064439007 3.5187083444
240 -1.7845526723 2.1064439007 0.3785611604
241 1.1691133681 2.1064439007 0.4570857957
242 2.2035978957 2.1064439007 -1.3032214306
243 5.7797759210 2.1064439007 5.0627537846
244 0.2468457654 2.1064439007 0.2393633693
245 -1.1263060418 2.1064439007 -0.4843090640
246 -0.2401397599 2.1064439007 -0.2332488880
247 -1.6205671024 2.1064439007 0.0806235861
248 0.8985818567 2.1064439007 0.5595650849
249 1.0199410097 2.1064439007 0.5338536643
250 1.5418758456 2.1064439007 0.0445855756
251 3.8254709408 2.1064439007 -2.9652305465
252 1.3463236954 2.1064439007 0.2996812277
253 2.9921548005 2.1064439007 -2.9588070195
254 5.1579987472 2.1064439007 2.2231396641
255 -2.5208316324 2.1064439007 2.0505353029
256 0.9214984231 2.1064439007 0.5571631304
257 1.1168229615 2.1064439007 0.4897714259
258 1.9702175669 2.1064439007 -0.7661884604
259 5.2982870084 2.1064439007 2.9296764440
260 -2.2027355657 2.1064439007 1.3011792644
261 1.3730374266 2.1064439007 0.2697639677
262 3.1092409132 2.1064439007 -3.1076139348
263 4.7703142043 2.1064439007 0.2761670191
264 -2.5081972862 2.1064439007 2.0216634260
265 0.9505884933 2.1064439007 0.5524861191
266 1.2410285194 2.1064439007 0.4018740196
267 2.5250351500 2.1064439007 -2.0601101281
268 5.9616815814 2.1064439007 5.6562129058
269 1.6844336660 2.1064439007 -0.1910028556
270 4.3827468391 2.1064439007 -1.4187146909
271 -1.3900852331 2.1064439007 -0.2498388140
272 0.4033721825 2.1064439007 0.3709985677
273 -0.7463570239 2.1064439007 -0.5479508478
274 -1.0897523608 2.1064439007 -0.5042337748
275 -0.3296575928 2.1064439007 -0.3119066004
276 -1.5972071470 2.1064439007 0.0421786468
277 0.8536102490 2.1064439007 0.5610494560
278 0.8325666304 2.1064439007 0.5603003097
279 0.7462514119 2.1064439007 0.5479268196
280 0.4025521496 2.1064439007 0.3703737980
281 -0.7486072055 2.1064439007 -0.5484577427
282 -1.0855202911 2.1064439007 -0.5063437009
283 -0.3399723893 2.1064439007 -0.3205136864
284 -1.5923608311 2.1064439007 0.0343358106
285 0.8441048517 2.1064439007 0.5608237375
286 0.7934650623 2.1064439007 0.5565202690
287 0.5883958814 2.1064439007 0.4894465691
288 -0.1745410621 2.1064439007 -0.1718891446
289 -1.6158303302 2.1064439007 0.0727427149
290 0.8895781113 2.1064439007 0.5602027493
291 0.9821259019 2.1064439007 0.5453310380
292 1.3770791022 2.1064439007 0.2650986227
293 3.1268874958 2.1064439007 -3.1265494202
294 4.7061536089 2.1064439007 -0.0293444259
295 -2.3905848452 2.1064439007 1.7475211942
296 1.1764561736 2.1064439007 0.4519933663
297 2.2364224483 2.1064439007 -1.3811065236
298 5.8250366324 2.1064439007 5.2243172282
299 0.5804754139 2.1064439007 0.4853947120
300 -0.2014883485 2.1064439007 -0.1974121996
301 -1.6200523901 2.1064439007 0.0797651401
302 0.8976063712 2.1064439007 0.5596424743
303 1.0158370770 2.1064439007 0.5352533593
304 1.5239120999 2.1064439007 0.0714212684
305 3.7517215175 2.1064439007 -3.0748141204
306 1.7433290480 2.1064439007 -0.2992912708
307 4.5959063733 2.1064439007 -0.5341333703
308 -2.1213937861 2.1064439007 1.1099057707
309 1.3985278136 2.1064439007 0.2397324546
310 3.2202064528 2.1064439007 -3.2102609301
311 4.3436759507 2.1064439007 -1.5655270762
312 -1.2302334908 2.1064439007 -0.4109197064
313 0.0163615216 2.1064439007 0.0163593316
314 -1.4930321619 2.1064439007 -0.1159874157
315 0.6373275461 2.1064439007 0.5122130547
316 -0.0035878372 2.1064439007 -0.0035878141
317 -1.5135586809 2.1064439007 -0.0865852401
318 0.6817905135 2.1064439007 0.5293732515
319 0.1581346634 2.1064439007 0.1561615773
320 -1.2954219401 2.1064439007 -0.3522346006
321 0.1763866795 2.1064439007 0.1736498920
322 -1.2634481163 2.1064439007 -0.3822337112
323 0.0981335498 2.1064439007 0.0976614063
324 -1.3900832233 2.1064439007 -0.2498412011
325 0.4033674633 2.1064439007 0.3709949744
326 -0.7463699810 2.1064439007 -0.5479537943
327 -1.0897280285 2.1064439007 -0.5042460224
328 -0.3297169310 2.1064439007 -0.3119564094
329 -1.5971805200 2.1064439007 0.0421354304
330 0.8535581855 2.1064439007 0.5610487277
331 0.8323519632 2.1064439007 0.5602879919
332 0.7453756550 2.1064439007 0.5477267532
333 0.3991572789 2.1064439007 0.3677790614
334 -0.7578946448 2.1064439007 -0.5504473814
335 -1.0679167998 2.1064439007 -0.5146831105
336 -0.3827445930 2.1064439007 -0.3550503859
337 -1.5676420511 2.1064439007 -0.0049447671
338 0.7947227218 2.1064439007 0.5566895004
339 0.5934195074 2.1064439007 0.4919645587
340 -0.1573428989 2.1064439007 -0.1553992614
341 -1.6114613595 2.1064439007 0.0655120698
342 0.8812209354 2.1064439007 0.5606412604
343 0.9471575042 2.1064439007 0.5531332260
344 1.2263120532 2.1064439007 0.4141394313
345 2.4593095171 2.1064439007 -1.9087563718
346 5.9729190504 2.1064439007 5.6877259764
347 1.7813745073 2.1064439007 -0.3723524181
348 4.7274595340 2.1064439007 0.0712427354
349 -2.4329494026 2.1064439007 1.8472060135
350 1.1044058907 2.1064439007 0.4966128619
351 1.9149543789 2.1064439007 -0.6461136904
352 5.1464531521 2.1064439007 2.1644002750
353 -2.5390743028 2.1064439007 2.0919713276
354 0.8778338796 2.1064439007 0.5607771027
355 0.9330219842 2.1064439007 0.5555294751
356 1.1658677230 2.1064439007 0.4592972491
357 2.1890912501 2.1064439007 -1.2688992814
358 5.7579263629 2.1064439007 4.9817240692
359 0.0917543671 2.1064439007 0.0913684043
360 -1.3991991942 2.1064439007 -0.2389219964
361 0.4247197461 2.1064439007 0.3869852024
362 -0.6868545549 2.1064439007 -0.5311064308
363 -1.1967881007 2.1064439007 -0.4372459293
364 -0.0662433235 2.1064439007 -0.0660980329
365 -1.5663101569 2.1064439007 -0.0070267099
366 0.7920202863 2.1064439007 0.5563219898
367 0.5826293691 2.1064439007 0.4865064783
368 -0.1941805433 2.1064439007 -0.1905311381
369 -1.6192227365 2.1064439007 0.0783824993
370 0.8960325206 2.1064439007 0.5597630755
371 1.0092193245 2.1064439007 0.5374311501
372 1.4949834603 2.1064439007 0.1132304416
373 3.6315564163 2.1064439007 -3.2043034852
374 2.3833323760 2.1064439007 -1.7303790161
375 5.9544134181 2.1064439007 5.6354925987
376 1.6222140732 2.1064439007 -0.0833738434
377 4.1461265952 2.1064439007 -2.2243205683
378 -0.3272250186 2.1064439007 -0.3098617763
379 -1.5982862152 2.1064439007 0.0439311761
380 0.8557186302 2.1064439007 0.5610742395
381 0.8412644264 2.1064439007 0.5607201932
382 0.7818164991 2.1064439007 0.5548042414
383 0.5420425475 2.1064439007 0.4643444048
384 -0.3292638963 2.1064439007 -0.3115760428
385 -1.5973834437 2.1064439007 0.0424648170
386 0.8539549151 2.1064439007 0.5610541365
387 0.8339878879 2.1064439007 0.5603794916
388 0.7520520379 2.1064439007 0.5492150154
389 0.4250877042 2.1064439007 0.3872559898
390 -0.6858134190 2.1064439007 -0.5307538598
391 -1.1985741645 2.1064439007 -0.4359050272
392 -0.0618291695 2.1064439007 -0.0617110255
393 -1.5631750194 2.1064439007 -0.0119133220
394 0.7856426466 2.1064439007 0.5553974078
395 0.5572327390 2.1064439007 0.4729355710
396 -0.2793602049 2.1064439007 -0.2685299832
397 -1.6145038212 2.1064439007 0.0705434513
398 0.8870460089 2.1064439007 0.5603511685
399 0.9715174962 2.1064439007 0.5479816456
400 1.3311636585 2.1064439007 0.3159461130
401 2.9253916841 2.1064439007 -2.8572870034
402 5.3478487836 2.1064439007 3.1742029506
403 -2.0473615170 2.1064439007 0.9391857364
404 1.3923667186 2.1064439007 0.2471232787
405 3.1934594613 2.1064439007 -3.1891649565
406 4.4514327981 2.1064439007 -1.1484896010
407 -1.6530734444 2.1064439007 0.1358567162
408 0.9587217014 2.1064439007 0.5508495533
409 1.2759825714 2.1064439007 0.3707515960
410 2.6808416999 2.1064439007 -2.4012804725
411 5.8332340371 2.1064439007 5.2526423202
412 0.6426572095 2.1064439007 0.5144509873
413 0.0154851473 2.1064439007 0.0154832908
414 -1.4939717469 2.1064439007 -0.1146608857
415 0.6393806547 2.1064439007 0.5130809003
416 0.0037492304 2.1064439007 0.0037492041
417 -1.5062189311 2.1064439007 -0.0972001050
418 0.6659868185 2.1064439007 0.5236704148
419 0.0999825555 2.1064439007 0.0994832333
420 -1.3874067679 2.1064439007 -0.2530121249
421 0.3970784677 2.1064439007 0.3661836821
422 -0.7635592979 2.1064439007 -0.5515794677
423 -1.0570736973 2.1064439007 -0.5194700752
424 -0.4089740097 2.1064439007 -0.3752456407
425 -1.5488629937 2.1064439007 -0.0339690043
426 0.7562409112 2.1064439007 0.5501052176
427 0.4414146059 2.1064439007 0.3991042309
428 -0.6390924050 2.1064439007 -0.5129594913
429 -1.2754664585 2.1064439007 -0.3712314678
430 0.1276122473 2.1064439007 0.1265745812
431 -1.3455858500 2.1064439007 -0.3004848332
432 0.2977387126 2.1064439007 0.2846388947
433 -1.0139347508 2.1064439007 -0.5358893983
434 -0.5122781057 2.1064439007 -0.4465170291
435 -1.4492780215 2.1064439007 -0.1756806923
436 0.5399524928 2.1064439007 0.4631351285
437 -0.3360681138 2.1064439007 -0.3172679957
438 -1.5942466698 2.1064439007 0.0373822049
439 0.8478106917 2.1064439007 0.5609338912
440 0.8086876182 2.1064439007 0.5583570561
441 0.6494451567 2.1064439007 0.5172307607
442 0.0399019450 2.1064439007 0.0398701839
443 -1.4664925982 2.1064439007 -0.1526834467
444 0.5786633885 2.1064439007 0.4844537470
445 -0.2076241934 2.1064439007 -0.2031651347
446 -1.6205684235 2.1064439007 0.0806257902
447 0.8985843596 2.1064439007 0.5595648837
448 1.0199515418 2.1064439007 0.5338500237
449 1.5419219696 2.1064439007 0.0445158194
450 3.8256594040 2.1064439007 -2.9649210490
451 1.3453087208 2.1064439007 0.3007863449
452 2.9876917087 2.1064439007 -2.9523790041
453 5.1714177690 2.1064439007 2.2913395873
454 -2.4981244165 2.1064439007 1.9985488028
455 0.9731068866 2.1064439007 0.5476003118
456 1.3380334178 2.1064439007 0.3086398890
457 2.9556716524 2.1064439007 -2.9047348449
458 5.2646541308 2.1064439007 2.7619269647
459 -2.2953406392 2.1064439007 1.5213386737
460 1.3007981502 2.1064439007 0.3469614735
461 2.7910811025 2.1064439007 -2.6213755013
462 5.6564478363 2.1064439007 4.5814133764
463 -0.5760508682 2.1064439007 -0.4830879752
464 -1.3685532314 2.1064439007 -0.2748974720
465 0.3525339301 2.1064439007 0.3308533821
466 -0.8808022966 2.1064439007 -0.5606593566
467 -0.8161953910 2.1064439007 -0.5590921998
468 -0.9526434441 2.1064439007 -0.5520862565
469 -0.6554358418 2.1064439007 -0.5196179707
470 -1.2493053199 2.1064439007 -0.3947574026
471 0.0633619344 2.1064439007 0.0632347862
472 -1.4375497610 2.1064439007 -0.1909822589
473 0.5133014013 2.1064439007 0.4471512670
474 -0.4214919187 2.1064439007 -0.3846027685
475 -1.5389490804 2.1064439007 -0.0490030060
476 0.7356044569 2.1064439007 0.5453957381
477 0.3614134436 2.1064439007 0.3380654012
478 -0.8580676325 2.1064439007 -0.5610910079
479 -0.8651699583 2.1064439007 -0.5610720201
480 -0.8499772837 2.1064439007 -0.5609851875
481 -0.8823542165 2.1064439007 -0.5605904226
482 -0.8128165363 2.1064439007 -0.5587753769
483 -0.9595386714 2.1064439007 -0.5506771724
484 -0.6395784475 2.1064439007 -0.5131641274
485 -1.2747001428 2.1064439007 -0.3719428508
486 0.1257347644 2.1064439007 0.1247421881
487 -1.3485358938 2.1064439007 -0.2972645292
488 0.3048071063 2.1064439007 0.2907569799
489 -0.9974613619 2.1064439007 -0.5410597022
490 -0.5512153071 2.1064439007 -0.4695740733
491 -1.4016542168 2.1064439007 -0.2359499346
492 0.4304517479 2.1064439007 0.3911847929
493 -0.6705765839 2.1064439007 -0.5253722674
494 -1.2243567514 2.1064439007 -0.4157316516
495 0.0018594735 2.1064439007 0.0018594702
496 -1.5081326950 2.1064439007 -0.0944432347
497 0.6701178336 2.1064439007 0.5252038385
498 0.1151130852 2.1064439007 0.1143512440
499 -1.3649285524 2.1064439007 -0.2790141729
500 0.3439233279 2.1064439007 0.3237828456
501 -0.9025421826 2.1064439007 -0.5592301201
502 -0.7684648588 2.1064439007 -0.5525097031
503 -1.0476194225 2.1064439007 -0.5234269156
504 -0.4317639161 2.1064439007 -0.3921405145
505 -1.5303602741 2.1064439007 -0.0618648665
506 0.7175529946 2.1064439007 0.5406166206
507 0.2923445047 2.1064439007 0.2799405689
508 -1.0263652398 2.1064439007 -0.5315869021
509 -0.4826988269 2.1064439007 -0.4275482809
510 -1.4818514400 2.1064439007 -0.1316293906
511 0.6127692814 2.1064439007 0.5012810859
512 -0.0903370409 2.1064439007 -0.0899686811
513 -1.5818738148 2.1064439007 0.0175228298
514 0.8233357565 2.1064439007 0.5596859387
515 0.7086819779 2.1064439007 0.5380457781
516 0.2587227287 2.1064439007 0.2501118028
517 -1.1010690791 2.1064439007 -0.4983913116
518 -0.3020206325 2.1064439007 -0.2883503939
519 -1.6080216991 2.1064439007 0.0598453826
520 0.8746062395 2.1064439007 0.5608841390
521 0.9195717704 2.1064439007 0.5574083612
522 1.1086439400 2.1064439007 0.4943174246
523 1.9338072673 2.1064439007 -0.6866767090
524 5.1997489639 2.1064439007 2.4350158043
525 -2.4448506182 2.1064439007 1.8750463077
526 1.0822866214 2.1064439007 0.5079283998
527 1.8167274312 2.1064439007 -0.4422995860
528 4.8450679854 2.1064439007 0.6409544000
529 -2.6064422286 2.1064439007 2.2420405625
530 0.6995523991 2.1064439007 0.5352488511
531 0.2243463886 2.1064439007 0.2187242061
532 -1.1724482577 2.1064439007 -0.4547883206
533 -0.1263914872 2.1064439007 -0.1253832905
534 -1.6002887671 2.1064439007 0.0471895793
535 0.8596235637 2.1064439007 0.5610958147
536 0.8573969970 2.1064439007 0.5610873872
537 0.8481946062 2.1064439007 0.5609436863
538 0.8102662358 2.1064439007 0.5585210355
539 0.6558061980 2.1064439007 0.5197635092
540 0.0629092312 2.1064439007 0.0627847884
541 -1.4381317958 2.1064439007 -0.1902299284
542 0.5146291170 2.1064439007 0.4479719531
543 -0.4172956027 2.1064439007 -0.3814867769
544 -1.5423403918 2.1064439007 -0.0438828151
545 0.7426880845 2.1064439007 0.5471036655
546 0.3887512134 2.1064439007 0.3597438079
547 -0.7860794220 2.1064439007 -0.5554632887
548 -1.0131898569 2.1064439007 -0.5361362494
549 -0.5140453793 2.1064439007 -0.4476114445
550 -1.4472320690 2.1064439007 -0.1783714470
551 0.5353190986 2.1064439007 0.4604311129
552 -0.3510981846 2.1064439007 -0.3296796440
553 -1.5866446040 2.1064439007 0.0251445309
554 0.8328177729 2.1064439007 0.5603146013
555 0.7472760973 2.1064439007 0.5481590529
556 0.4065268345 2.1064439007 0.3733947856
557 -0.7376760067 2.1064439007 -0.5459050336
558 -1.1059573484 2.1064439007 -0.4957773115
559 -0.2900598014 2.1064439007 -0.2779430676
560 -1.6117128299 2.1064439007 0.0659272540
561 0.8817033188 2.1064439007 0.5606199516
562 0.9491724172 2.1064439007 0.5527563081
563 1.2349524724 2.1064439007 0.4069983434
564 2.4979056264 2.1064439007 -1.9980458227
565 5.9694006250 2.1064439007 5.6779279380
566 1.7509261364 2.1064439007 -0.3136911716
567 4.6225750003 2.1064439007 -0.4146139164
568 -2.1939426970 2.1064439007 1.2803696952
569 1.3774731348 2.1064439007 0.2646418395
570 3.1286068889 2.1064439007 -3.1283431039
571 4.6998251538 2.1064439007 -0.0590462346
572 -2.3773798479 2.1064439007 1.7162954028
573 1.1967905315 2.1064439007 0.4372441094
574 2.3273437472 2.1064439007 -1.5975231696
575 5.9194570767 2.1064439007 5.5321882164
576 1.3283186462 2.1064439007 0.3189406768
577 2.9128394261 2.1064439007 -2.8369595928
578 5.3808970750 2.1064439007 3.3351656098
579 -1.9312176259 2.1064439007 0.6810796128
580 1.3300836336 2.1064439007 0.3170850644
581 2.9206274182 2.1064439007 -2.8496163106
582 5.3604923955 2.1064439007 3.2359978078
583 -2.0041123002 2.1064439007 0.8414919059
584 1.3764329531 2.1064439007 0.2658469239
585 3.1240675796 2.1064439007 -3.1235878472
586 4.7165032403 2.1064439007 0.0194048657
587 -2.4115688908 2.1064439007 1.7970011911
588 1.1420701279 2.1064439007 0.4747729685
589 2.0827935079 2.1064439007 -1.0204007395
590 5.5642972134 2.1064439007 4.1873475346
591 -1.1052173460 2.1064439007 -0.4961765315
592 -0.2918713149 2.1064439007 -0.2795272281
593 -1.6111924548 2.1064439007 0.0650682364
594 0.8807049256 2.1064439007 0.5606635127
595 0.9450026123 2.1064439007 0.5535265500
596 1.2170780424 2.1064439007 0.4215815745
597 2.4180443935 2.1064439007 -1.8122307746
598 5.9670322329 2.1064439007 5.6712971978
599 1.7304795411 2.1064439007 -0.2751556939
600 4.5503582241 2.1064439007 -0.7340760509
601 -1.9870865489 2.1064439007 0.8035187794
602 1.3677565916 2.1064439007 0.2758047674
603 3.0861559012 2.1064439007 -3.0814148767
604 4.8520444563 2.1064439007 0.6754140650
605 -2.6134060679 2.1064439007 2.2572573421
606 0.6795945622 2.1064439007 0.5286074014
607 0.1500110561 2.1064439007 0.1483263458
608 -1.3091780685 2.1064439007 -0.3386111613
609 0.2098610597 2.1064439007 0.2052566805
610 -1.2009935050 2.1064439007 -0.4340769925
611 -0.0558501111 2.1064439007 -0.0557630290
612 -1.5587881044 2.1064439007 -0.0187178244
613 0.7766802515 2.1064439007 0.5539627834
614 0.5217060229 2.1064439007 0.4523035898
615 -0.3948229797 2.1064439007 -0.3644471430
616 -1.5593320581 2.1064439007 -0.0178762100
617 0.7777939536 2.1064439007 0.5541496266
618 0.5261102569 2.1064439007 0.4549627534
619 -0.3807479398 2.1064439007 -0.3534814184
620 -1.5689598771 2.1064439007 -0.0028813142
621 0.7973925049 2.1064439007 0.5570383425
622 0.6040958880 2.1064439007 0.4971805729
623 -0.1205206789 2.1064439007 -0.1196464424
624 -1.5976873504 2.1064439007 0.0429582704
625 0.8545488782 2.1064439007 0.5610616256
626 0.8364376998 2.1064439007 0.5605062938
627 0.7620605402 2.1064439007 0.5512859667
628 0.4641707435 2.1064439007 0.4150582834
629 -0.5722819148 2.1064439007 -0.4810987436
630 -1.3737100290 2.1064439007 -0.2689901025
631 0.3647588477 2.1064439007 0.3407612949
632 -0.8494194251 2.1064439007 -0.5609729050
633 -0.8835342791 2.1064439007 -0.5605346130
634 -0.8102443110 2.1064439007 -0.5585187923
635 -0.9647708083 2.1064439007 -0.5495385349
636 -0.6275008314 2.1064439007 -0.5079602635
637 -1.2935268848 2.1064439007 -0.3540776367
638 0.1717652008 2.1064439007 0.1692376055
639 -1.2716833109 2.1064439007 -0.3747303831
640 0.1183405529 2.1064439007 0.1175128701
641 -1.3600009429 2.1064439007 -0.2845635290
642 0.3321946088 2.1064439007 0.3140331702
643 -0.9316665288 2.1064439007 -0.5557365037
644 -0.7032451647 2.1064439007 -0.5363985413
645 -1.1682670362 2.1064439007 -0.4576647855
646 -0.1367190756 2.1064439007 -0.1354432811
647 -1.6044912743 2.1064439007 0.0540530197
648 0.8677850716 2.1064439007 0.5610385804
649 0.8912116767 2.1064439007 0.5600998069
650 0.9889759903 2.1064439007 0.5434874747
651 1.4068048370 2.1064439007 0.2296713488
652 3.2560610829 2.1064439007 -3.2347522468
653 4.1946059019 2.1064439007 -2.0761412960
654 -0.5616162829 2.1064439007 -0.4753494707
655 -1.3880452474 2.1064439007 -0.2522571312
656 0.3985795409 2.1064439007 0.3673361731
657 -0.7594706605 2.1064439007 -0.5507685654
658 -1.0649080666 2.1064439007 -0.5160380836
659 -0.3900321140 2.1064439007 -0.3607394736
660 -1.5626974706 2.1064439007 -0.0126559238
661 0.7846691840 2.1064439007 0.5552492240
662 0.5533647015 2.1064439007 0.4707811140
663 -0.2921426896 2.1064439007 -0.2797643027
664 -1.6111133092 2.1064439007 0.0649376313
665 0.8805530145 2.1064439007 0.5606699570
666 0.9443683155 2.1064439007 0.5536404017
667 1.2143613138 2.1064439007 0.4237338230
668 2.4059010885 2.1064439007 -1.7836552426
669 5.9634113925 2.1064439007 5.6611052730
670 1.6992975094 2.1064439007 -0.2177612839
671 4.4375839986 2.1064439007 -1.2041794273
672 -1.6019906852 2.1064439007 0.0499649673
673 0.8629342343 2.1064439007 0.5610893099
674 0.8710980558 2.1064439007 0.5609757216
675 0.9049748339 2.1064439007 0.5590078155
676 1.0468778921 2.1064439007 0.5237287295
677 1.6602076891 2.1064439007 -0.1482437272
678 4.2919386894 2.1064439007 -1.7518473422
679 -1.0081035357 2.1064439007 -0.5377887091
680 -0.5260963401 2.1064439007 -0.4549543953
681 -1.4329852031 2.1064439007 -0.1968568034
682 0.5028708010 2.1064439007 0.4406167094
683 -0.4542390564 2.1064439007 -0.4081770239
684 -1.5101590581 2.1064439007 -0.0915158144
685 0.6744839619 2.1064439007 0.5267917488
686 0.1311589501 2.1064439007 0.1300324244
687 -1.3399700224 2.1064439007 -0.3065610088
688 0.2842598519 2.1064439007 0.2728523585
689 -1.0447661072 2.1064439007 -0.5245814632
690 -0.4386264988 2.1064439007 -0.3971042889
691 -1.5243961499 2.1064439007 -0.0707068730
692 0.7049254505 2.1064439007 0.5369134201
693 0.2445500876 2.1064439007 0.2372738313
694 -1.1311141696 2.1064439007 -0.4814608669
695 -0.2283174353 2.1064439007 -0.2223922790
696 -1.6210983642 2.1064439007 0.0815101663
697 0.8995879654 2.1064439007 0.5594831482
698 1.0241755299 2.1064439007 0.5323699192
699 1.5604298866 2.1064439007 0.0161758134
700 3.9008993672 2.1064439007 -2.8293748029
701 0.9410897015 2.1064439007 0.5542149507
702 1.2003284858 2.1064439007 0.4345808168
703 2.3431633870 2.1064439007 -1.6351358563
704 5.9311481674 2.1064439007 5.5674040968
705 1.4256165820 2.1064439007 0.2062443586
706 3.3371991082 2.1064439007 -3.2735586496
707 3.8389828096 2.1064439007 -2.9426605132
708 1.2735709383 2.1064439007 0.3729886638
709 2.6701095212 2.1064439007 -2.3787888707
710 5.8466678185 2.1064439007 5.2984229291
711 0.7457076985 2.1064439007 0.5478027804
712 0.4004442139 2.1064439007 0.3687642384
713 -0.7543792797 2.1064439007 -0.5497137486
714 -1.0746054662 2.1064439007 -0.5115973475
715 -0.3665190816 2.1064439007 -0.3421750486
716 -1.5778890659 2.1064439007 0.0111914617
717 0.8153734392 2.1064439007 0.5590172449
718 0.6764237526 2.1064439007 0.5274863769
719 0.1383056053 2.1064439007 0.1369849272
720 -1.3284834796 2.1064439007 -0.3187676780
721 0.2565999065 2.1064439007 0.2481984377
722 -1.1056241889 2.1064439007 -0.4959572007
723 -0.2908754069 2.1064439007 -0.2786566572
724 -1.6114802505 2.1064439007 0.0655432551
725 0.8812571788 2.1064439007 0.5606396764
726 0.9473088778 2.1064439007 0.5531052165
727 1.2269609697 2.1064439007 0.4136090721
728 2.4622087818 2.1064439007 -1.9154999149
729 5.9729584709 2.1064439007 5.6878353981
730 1.7817161473 2.1064439007 -0.3730190670
731 4.7286178388 2.1064439007 0.0767367008
732 -2.4351593391 2.1064439007 1.8523817144
733 1.1003610540 2.1064439007 0.4987654062
734 1.8969701572 2.1064439007 -0.6078289739
735 5.0942046621 2.1064439007 1.8981313062
736 -2.6067577759 2.1064439007 2.2427313610
737 0.6986542562 2.1064439007 0.5349654651
738 0.2209770259 2.1064439007 0.2156036971
739 -1.1791695093 2.1064439007 -0.4500802400
740 -0.1097856416 2.1064439007 -0.1091246889
741 -1.5925315268 2.1064439007 0.0346112659
742 0.8444406507 2.1064439007 0.5608348830
743 0.7948432711 2.1064439007 0.5567055568
744 0.5939012252 2.1064439007 0.4922038788
745 -0.1556894356 2.1064439007 -0.1538063502
746 -1.6109722678 2.1064439007 0.0647049167
747 0.8802822610 2.1064439007 0.5606813225
748 0.9432379044 2.1064439007 0.5538411343
749 1.2095211983 2.1064439007 0.4275262349
750 2.3842641755 2.1064439007 -1.7325825249
751 5.9548431394 2.1064439007 5.6367250110
752 1.6258821904 2.1064439007 -0.0895178356
753 4.1603779178 2.1064439007 -2.1817048882
754 -0.3968672636 2.1064439007 -0.3660213181
755 -1.5578683915 2.1064439007 -0.0201394608
756 0.7747956653 2.1064439007 0.5536410862
757 0.5142600690 2.1064439007 0.4477440908
758 -0.4184626287 2.1064439007 -0.3823554721
759 -1.5414041027 2.1064439007 -0.0452987719
760 0.7407349207 2.1064439007 0.5466422318
761 0.3812003951 2.1064439007 0.3538373411
762 -0.8062618524 2.1064439007 -0.5580953424
763 -0.9728422666 2.1064439007 -0.5476641863
764 -0.6087951066 2.1064439007 -0.4994175574
765 -1.3217872880 2.1064439007 -0.3257461278
766 0.2404222751 2.1064439007 0.2335071324
767 -1.1397024690 2.1064439007 -0.4762415808
768 -0.2071787813 2.1064439007 -0.2027482905
769 -1.6205365036 2.1064439007 0.0805725388
770 0.8985238856 2.1064439007 0.5595697405
771 1.0196970744 2.1064439007 0.5339379145
772 1.5408075887 2.1064439007 0.0461999497
773 3.8211047258 2.1064439007 -2.9723587729
774 1.3698393504 2.1064439007 0.2734297153
775 3.0952643657 2.1064439007 -3.0919432609
776 4.8200981734 2.1064439007 0.5181656302
777 -2.5783984167 2.1064439007 2.1801752419
778 0.7770250041 2.1064439007 0.5540208811
779 0.5230690590 2.1064439007 0.4531295686
780 -0.3904743040 2.1064439007 -0.3610827686
781 -1.5623906561 2.1064439007 -0.0131327867
782 0.7840434765 2.1064439007 0.5551529918
783 0.5508796476 2.1064439007 0.4693849429
784 -0.3003279644 2.1064439007 -0.2868851399
785 -1.6085805528 2.1064439007 0.0607645103
786 0.8756830476 2.1064439007 0.5608508581
787 0.9240568611 2.1064439007 0.5568251460
788 1.1276933854 2.1064439007 0.4834926766
789 2.0186572919 2.1064439007 -0.8741562302
790 5.4200932182 2.1064439007 3.5235540172
791 -1.7804673918 2.1064439007 0.3705832424
792 1.1634472172 2.1064439007 0.4609307297
793 2.1782737544 2.1064439007 -1.2433543419
794 5.7409042164 2.1064439007 4.9172777003
795 -0.0263348161 2.1064439007 -0.0263256848
796 -1.5347641389 2.1064439007 -0.0552889442
797 0.7268286197 2.1064439007 0.5431485239
798 0.3277269960 2.1064439007 0.3102842019
799 -0.9426115510 2.1064439007 -0.5539511634
800 -0.6783829518 2.1064439007 -0.5281811583
801 -1.2112310875 2.1064439007 -0.4261926231
802 -0.0305539067 2.1064439007 -0.0305396462
803 -1.5384397100 2.1064439007 -0.0497700186
804 0.7345383357 2.1064439007 0.5451304718
805 0.3573102835 2.1064439007 0.3347429072
806 -0.8686129019 2.1064439007 -0.5610250220
807 -0.8425770415 2.1064439007 -0.5607701021
808 -0.8979566297 2.1064439007 -0.5596149194
809 -0.7786028145 2.1064439007 -0.5542838054
810 -1.0278947904 2.1064439007 -0.5310335732
811 -0.4790480206 2.1064439007 -0.4251235611
812 -1.4856507646 2.1064439007 -0.1263437799
813 0.6211404773 2.1064439007 0.5051209210
814 -0.0609786167 2.1064439007 -0.0608652806
815 -1.5625608083 2.1064439007 -0.0128683530
816 0.7843905064 2.1064439007 0.5552064593
817 0.5522577936 2.1064439007 0.4701603817
818 -0.2957912330 2.1064439007 -0.2829455521
819 -1.6100191264 2.1064439007 0.0631332671
820 0.8784511785 2.1064439007 0.5607541414
821 0.9355966204 2.1064439007 0.5551252900
822 1.1768541988 2.1064439007 0.4517137847
823 2.2382019178 2.1064439007 -1.3853358502
824 5.8273232452 2.1064439007 5.2322477800
825 0.5977669995 2.1064439007 0.4941108561
826 -0.1423931375 2.1064439007 -0.1409520072
827 -1.6065976433 2.1064439007 0.0575060243
828 0.8718586848 2.1064439007 0.5609580519
829 0.9081376890 2.1064439007 0.5586999155
830 1.0602307551 2.1064439007 0.5181037777
831 1.7191146090 2.1064439007 -0.2540423126
832 4.5096180511 2.1064439007 -0.9081660931
833 -1.8563036226 2.1064439007 0.5228172367
834 1.2585283878 2.1064439007 0.3866421772
835 2.6031038831 2.1064439007 -2.2347248019
836 5.9152260959 2.1064439007 5.5192808799
837 1.2933559190 2.1064439007 0.3542435073
838 2.7580599904 2.1064439007 -2.5576828129
839 5.7167710019 2.1064439007 4.8239858160
840 -0.1896027261 2.1064439007 -0.1862048909
841 -1.6185836708 2.1064439007 0.0773183791
842 0.8948189655 2.1064439007 0.5598524795
843 1.0041195468 2.1064439007 0.5390427534
844 1.4727238960 2.1064439007 0.1442021918
845 3.5379989141 2.1064439007 -3.2636430594
846 2.8681820542 2.1064439007 -2.7616450915
847 5.4915250615 2.1064439007 3.8587023759
848 -1.4695742733 2.1064439007 -0.1484994371
849 0.5855400309 2.1064439007 0.4879971186
850 -0.1842811257 2.1064439007 -0.1811609203
851 -1.6177250015 2.1064439007 0.0758898278
852 0.8931866850 2.1064439007 0.5599678079
853 0.9972642766 2.1064439007 0.5411179032
854 1.4428493124 2.1064439007 0.1841049876
855 3.4110696364 2.1064439007 -3.2879650531
856 3.4953129936 2.1064439007 -3.2789199784
857 3.0836089398 2.1064439007 -3.0784266742
858 4.8609066331 2.1064439007 0.7192793728
859 -2.6216985354 2.1064439007 2.2752981887
860 0.6554556871 2.1064439007 0.5196257753
861 0.0616383100 2.1064439007 0.0615212564
862 -1.4397608580 2.1064439007 -0.1881203117
863 0.5183424704 2.1064439007 0.4502538228
864 -0.4055260520 2.1064439007 -0.3726358598
865 -1.5514863058 2.1064439007 -0.0299573713
866 0.7616649322 2.1064439007 0.5512077708
867 0.4626211473 2.1064439007 0.4139930804
868 -0.5768932641 2.1064439007 -0.4835295367
869 -1.3673941736 2.1064439007 -0.2762170569
870 0.3497821096 2.1064439007 0.3286018951
871 -0.8877829091 2.1064439007 -0.5603093721
872 -0.8009622331 2.1064439007 -0.5574826283
873 -0.9835277143 2.1064439007 -0.5449622116
874 -0.5838980410 2.1064439007 -0.4871578607
875 -1.3576651900 2.1064439007 -0.2871749995
876 0.3266259983 2.1064439007 0.3093573727
877 -0.9452961893 2.1064439007 -0.5534735589
878 -0.6722567259 2.1064439007 -0.5259859485
879 -1.2215467054 2.1064439007 -0.4180045190
880 -0.0050774153 2.1064439007 -0.0050773498
881 -1.5150190234 2.1064439007 -0.0844598658
882 0.6849219538 2.1064439007 0.5304504251
883 0.1697428935 2.1064439007 0.1673033881
884 -1.2752572608 2.1064439007 -0.3714258025
885 0.1270997407 2.1064439007 0.1260745155
886 -1.3463927027 2.1064439007 -0.2996060076
887 0.2996728006 2.1064439007 0.2863173224
888 -1.0094480372 2.1064439007 -0.5373575153
889 -0.5229136368 2.1064439007 -0.4530355213
890 -1.4367977732 2.1064439007 -0.1919531783
891 0.5115852183 2.1064439007 0.4460867294
892 -0.4269066919 2.1064439007 -0.3885922042
893 -1.5344723055 2.1064439007 -0.0557259484
894 0.7262152325 2.1064439007 0.5429860500
895 0.3253800915 2.1064439007 0.3083071676
896 -0.9483281277 2.1064439007 -0.5529153205
897 -0.6653250250 2.1064439007 -0.5234219647
898 -1.2330867677 2.1064439007 -0.4085548105
899 0.0233996788 2.1064439007 0.0233932730
900 -1.4853602261 2.1064439007 -0.1267490573
901 0.6205012614 2.1064439007 0.5048318243
902 -0.0632281818 2.1064439007 -0.0631018370
903 -1.5641781850 2.1064439007 -0.0103518775
904 0.7876858277 2.1064439007 0.5557023552
905 0.5653585633 2.1064439007 0.4773868292
906 -0.2523418559 2.1064439007 -0.2443502854
907 -1.6193865339 2.1064439007 0.0786553675
908 0.8963433889 2.1064439007 0.5597396708
909 1.0105261212 2.1064439007 0.5370088515
910 1.5006921103 2.1064439007 0.1051186925
911 3.6554004425 2.1064439007 -3.1834126121
912 2.2575348940 2.1064439007 -1.4313187387
913 5.8510489777 2.1064439007 5.3131801996
914 0.7796220613 2.1064439007 0.5544510591
915 0.5333461308 2.1064439007 0.4592700401
916 -0.3574755281 2.1064439007 -0.3348770502
917 -1.5831405916 2.1064439007 0.0195422104
918 0.8258589341 2.1064439007 0.5598710681
919 0.7189330821 2.1064439007 0.5410034784
920 0.2975943201 2.1064439007 0.2845134579
921 -1.0142690839 2.1064439007 -0.5357782003
922 -0.5114846971 2.1064439007 -0.4460242466
923 -1.4501929170 2.1064439007 -0.1744745311
924 0.5420222281 2.1064439007 0.4643326797
925 -0.3293301191 2.1064439007 -0.3116316555
926 -1.5973538340 2.1064439007 0.0424167494
927 0.8538970326 2.1064439007 0.5610533676
928 0.8337491881 2.1064439007 0.5603664810
929 0.7510775261 2.1064439007 0.5490030925
930 0.4212957240 2.1064439007 0.3844575538
931 -0.6965177115 2.1064439007 -0.5342854311
932 -1.1800645449 2.1064439007 -0.4494454540
933 -0.1075739986 2.1064439007 -0.1069521666
934 -1.5914051492 2.1064439007 0.0327946645
935 0.8422234532 2.1064439007 0.5607570058
936 0.7857475972 2.1064439007 0.5554132723
937 0.5576498923 2.1064439007 0.4731665554
938 -0.2779786192 2.1064439007 -0.2673076022
939 -1.6148288930 2.1064439007 0.0710820852
940 0.8876669504 2.1064439007 0.5603160252
941 0.9741178923 2.1064439007 0.5473548539
942 1.3424050032 2.1064439007 0.3039351452
943 2.9749178716 2.1064439007 -2.9336911184
944 5.2092543967 2.1064439007 2.4831074404
945 -2.4253496101 2.1064439007 1.8293871185
946 1.1180985044 2.1064439007 0.4890486767
947 1.9758987880 2.1064439007 -0.7787272620
948 5.3131293478 2.1064439007 3.0032642702
949 -2.1585710063 2.1064439007 1.1969503691
950 1.3911717828 2.1064439007 0.2485469884
951 3.1882663132 2.1064439007 -3.1847942353
952 4.4720033045 2.1064439007 -1.0646821611
953 -1.7270587421 2.1064439007 0.2687774143
954 1.0840225792 2.1064439007 0.5070806298
955 1.8244252269 2.1064439007 -0.4577818751
956 4.8700605893 2.1064439007 0.7646926554
957 -2.6296101300 2.1064439007 2.2924282929
958 0.6320474398 2.1064439007 0.5099482481
959 -0.0223975391 2.1064439007 -0.0223919215
960 -1.5312613815 2.1064439007 -0.0605225658
961 0.7194543211 2.1064439007 0.5411486684
962 0.2995784348 2.1064439007 0.2862355064
963 -1.0096673120 2.1064439007 -0.5372868096
964 -0.5223943770 2.1064439007 -0.4527210586
965 -1.4374164061 2.1064439007 -0.1911545280
966 0.5129971233 2.1064439007 0.4469628319
967 -0.4224527205 2.1064439007 -0.3853132426
968 -1.5381629912 2.1064439007 -0.0501864805
969 0.7339589215 2.1064439007 0.5449854061
970 0.3550815514 2.1064439007 0.3329309035
971 -0.8743122217 2.1064439007 -0.5608928038
972 -0.8302769266 2.1064439007 -0.5601640810
973 -0.9236384791 2.1064439007 -0.5568813800
974 -0.7213619419 2.1064439007 -0.5416757235
975 -1.1358777929 2.1064439007 -0.4785867973
976 -0.2165958127 2.1064439007 -0.2115349839
977 -1.6210270300 2.1064439007 0.0813910909
978 0.8994529157 2.1064439007 0.5594942715
979 1.0236070283 2.1064439007 0.5325714521
980 1.5579378440 2.1064439007 0.0200321649
981 3.8908137365 2.1064439007 -2.8489300269
982 0.9950994389 2.1064439007 0.5417515206
983 1.4334267242 2.1064439007 0.1962905505
984 3.3707345758 2.1064439007 -3.2826291660
985 3.6851564502 2.1064439007 -3.1540183977
986 2.0995764760 2.1064439007 -1.0591953263
987 5.5987044692 2.1064439007 4.3375817450
988 -0.9164097663 2.1064439007 -0.5577935534
989 -0.7375856999 2.1064439007 -0.5458830005
990 -1.1061249001 2.1064439007 -0.4956867464
991 -0.2896495966 2.1064439007 -0.2775839575
992 -1.6118287448 2.1064439007 0.0661186736
993 0.8819256170 2.1064439007 0.5606099669
994 0.9501011006 2.1064439007 0.5525796074
995 1.2389369007 2.1064439007 0.4036475787
996 2.5156972854 2.1064439007 -2.0388189836
997 5.9648281452 2.1064439007 5.6651010115
998 1.7114872146 2.1064439007 -0.2399970762
999 4.4820409830 2.1064439007 -1.0233232068
