-0.9308456401 -0.5558599535
-0.9158957536 -0.5578541429
-0.9041633227 -0.5590833759
-0.8949387317 -0.5598437951
-0.8876748908 -0.5603155706
-0.8819479863 -0.5606089565
-0.8774283458 -0.5607917517
-0.8738586357 -0.5609058160
-0.8710374088 -0.5609770784
-0.8688065949 -0.5610216431
-0.8670419223 -0.5610495337
-0.8656455393 -0.5610669995
-0.8645403009 -0.5610779424
-0.8636653260 -0.5610848011
-0.8629725303 -0.5610891013
-0.8624239119 -0.5610917981
-0.8619894222 -0.5610934896
-0.8616452912 -0.5610945507
-0.8613727102 -0.5610952165
-0.8611567918 -0.5610956342
-0.8609857506 -0.5610958964
-0.8608502548 -0.5610960609
-0.8607429147 -0.5610961642
-0.8606578780 -0.5610962290
-0.8605905093 -0.5610962696
-0.8605371371 -0.5610962952
-0.8604948530 -0.5610963112
-0.8604613533 -0.5610963212
-0.8604348128 -0.5610963275
-0.8604137858 -0.5610963315
-0.8603971268 -0.5610963340
-0.8603839283 -0.5610963356
-0.8603734716 -0.5610963365
-0.8603651870 -0.5610963372
-0.8603586234 -0.5610963375
-0.8603534231 -0.5610963378
-0.8603493031 -0.5610963379
-0.8603460390 -0.5610963380
-0.8603434528 -0.5610963381
-0.8603414039 -0.5610963381
-0.8603397806 -0.5610963382
-0.8603384945 -0.5610963382
-0.8603374755 -0.5610963382
-0.8603366682 -0.5610963382
-0.8603360286 -0.5610963382
-0.8603355218 -0.5610963382
-0.8603351203 -0.5610963382
-0.8603348022 -0.5610963382
-0.8603345502 -0.5610963382
-0.8603343506 -0.5610963382
-0.8603341924 -0.5610963382
-0.8603340670 -0.5610963382
