0 0.7557628633 2.1064439007 0.5500053277
1 0.7348215540 2.1064439007 0.5452011497
2 0.7098929749 2.1064439007 0.5384052891
3 0.6803172709 2.1064439007 0.5288604016
4 0.6453746095 2.1064439007 0.5155733161
5 0.6043062972 2.1064439007 0.4972815076
6 0.5563528142 2.1064439007 0.4724474695
7 0.5008147126 2.1064439007 0.4393104975
8 0.4371416805 2.1064439007 0.3960352535
9 0.3650516024 2.1064439007 0.3409966513
10 0.2846733191 2.1064439007 0.2732162002
11 0.1966928516 2.1064439007 0.1929002684
12 0.1024649369 2.1064439007 0.1019275144
13 0.0040375010 2.1064439007 0.0040374681
14 -0.0959600538 2.1064439007 -0.0955185767
15 -0.1945805698 2.1064439007 -0.1909086116
16 -0.2889311419 2.1064439007 -0.2769546486
17 -0.3765535865 2.1064439007 -0.3501712870
18 -0.4557007905 2.1064439007 -0.4091978175
19 -0.5254410607 2.1064439007 -0.4545605287
20 -0.5855954992 2.1064439007 -0.4880253947
21 -0.6365681947 2.1064439007 -0.5118902594
22 -0.6791421288 2.1064439007 -0.5284485423
23 -0.7142946495 2.1064439007 -0.5396892463
24 -0.7430578529 2.1064439007 -0.5471902075
25 -0.7664271262 2.1064439007 -0.5521289555
26 -0.7853096907 2.1064439007 -0.5553469342
27 -0.8005017569 2.1064439007 -0.5574267434
28 -0.8126839676 2.1064439007 -0.5587624780
29 -0.8224273266 2.1064439007 -0.5596161260
30 -0.8302043280 2.1064439007 -0.5601595869
31 -0.8364019959 2.1064439007 -0.5605045338
32 -0.8413349371 2.1064439007 -0.5607229640
33 -0.8452574189 2.1064439007 -0.5608610246
34 -0.8483740379 2.1064439007 -0.5609481601
35 -0.8508488653 2.1064439007 -0.5610030917
36 -0.8528131299 2.1064439007 -0.5610376902
37 -0.8543715782 2.1064439007 -0.5610594665
38 -0.8556076861 2.1064439007 -0.5610731648
39 -0.8565878956 2.1064439007 -0.5610817777
40 -0.8573650391 2.1064439007 -0.5610871914
41 -0.8579810950 2.1064439007 -0.5610905931
42 -0.8584693972 2.1064439007 -0.5610927302
43 -0.8588564032 2.1064439007 -0.5610940726
44 -0.8591631042 2.1064439007 -0.5610949156
45 -0.8594061498 2.1064439007 -0.5610954450
46 -0.8595987429 2.1064439007 -0.5610957774
47 -0.8597513511 2.1064439007 -0.5610959861
48 -0.8598722724 2.1064439007 -0.5610961172
49 -0.8599680840 2.1064439007 -0.5610961994
50 -0.8600439986 2.1064439007 -0.5610962511
51 -0.8601041473 2.1064439007 -0.5610962835
52 -0.8601518039 2.1064439007 -0.5610963039
53 -0.8601895625 2.1064439007 -0.5610963166
54 -0.8602194785 2.1064439007 -0.5610963247
55 -0.8602431809 2.1064439007 -0.5610963297
56 -0.8602619601 2.1064439007 -0.5610963329
57 -0.8602768386 2.1064439007 -0.5610963348
58 -0.8602886267 2.1064439007 -0.5610963361
59 -0.8602979662 2.1064439007 -0.5610963369
60 -0.8603053658 2.1064439007 -0.5610963374
61 -0.8603112283 2.1064439007 -0.5610963377
62 -0.8603158731 2.1064439007 -0.5610963379
63 -0.8603195530 2.1064439007 -0.5610963380
64 -0.8603224686 2.1064439007 -0.5610963381
65 -0.8603247785 2.1064439007 -0.5610963381
66 -0.8603266087 2.1064439007 -0.5610963381
67 -0.8603280586 2.1064439007 -0.5610963382
68 -0.8603292074 2.1064439007 -0.5610963382
69 -0.8603301176 2.1064439007 -0.5610963382
70 -0.8603308387 2.1064439007 -0.5610963382
71 -0.8603314100 2.1064439007 -0.5610963382
72 -0.8603318626 2.1064439007 -0.5610963382
73 -0.8603322212 2.1064439007 -0.5610963382
74 -0.8603325053 2.1064439007 -0.5610963382
75 -0.8603327304 2.1064439007 -0.5610963382
76 -0.8603329088 2.1064439007 -0.5610963382
77 -0.8603330501 2.1064439007 -0.5610963382
78 -0.8603331620 2.1064439007 -0.5610963382
