2.2672885900 -1.4545356088
2.5053647546 -2.0151719205
2.7346591861 -2.5113437918
2.9347295362 -2.8721611493
3.0928742151 -3.0892044938
3.2078176046 -3.2007858415
3.2863701660 -3.2519882571
3.3379107594 -3.2737942088
3.3708807833 -3.2826595703
3.3916487852 -3.2861635324
3.4046094588 -3.2875250068
3.4126523894 -3.2880485688
3.4176264934 -3.2882486448
3.4206962856 -3.2883248097
3.4225884054 -3.2883537361
3.4237537342 -3.2883647061
3.4244710984 -3.2883688627
3.4249125701 -3.2883704368
3.4251842061 -3.2883710327
3.4253513241 -3.2883712583
3.4254541328 -3.2883713436
3.4255173765 -3.2883713759
3.4255562805 -3.2883713882
3.4255802117 -3.2883713928
3.4255949324 -3.2883713945
3.4256039875 -3.2883713952
3.4256095575 -3.2883713954
3.4256129837 -3.2883713955
3.4256150912 -3.2883713956
3.4256163876 -3.2883713956
3.4256171850 -3.2883713956
3.4256176755 -3.2883713956
3.4256179773 -3.2883713956
3.4256181629 -3.2883713956
3.4256182770 -3.2883713956
