0 -3.6924423714 1.1210644390 3.1462565827
1 -3.8005010235 1.1210644390 3.0049081582
2 -3.9541221539 1.1210644390 2.7191080279
3 -4.1724364518 1.1210644390 2.1450298626
4 -4.4789106043 1.1210644390 1.0362538155
5 -4.8915129756 1.1210644390 -0.8715093868
6 -5.3906546891 1.1210644390 -3.3823314692
7 -5.8731488713 1.1210644390 -5.3863018220
8 -6.1989883192 1.1210644390 -6.1770285712
9 -6.3507660404 1.1210644390 -6.3362690911
10 -6.4076514891 1.1210644390 -6.3580824065
11 -6.4273300675 1.1210644390 -6.3606729963
12 -6.4339668818 1.1210644390 -6.3609669578
13 -6.4361870937 1.1210644390 -6.3609998294
14 -6.4369278446 1.1210644390 -6.3610034876
15 -6.4371747705 1.1210644390 -6.3610038941
16 -6.4372570580 1.1210644390 -6.3610039392
17 -6.4372844775 1.1210644390 -6.3610039442
18 -6.4372936138 1.1210644390 -6.3610039448
19 -6.4372966580 1.1210644390 -6.3610039448
20 -6.4372976723 1.1210644390 -6.3610039448
21 -6.4372980103 1.1210644390 -6.3610039448
22 -6.4372981229 1.1210644390 -6.3610039448
