0.7557628633 0.5500053277
0.5233143294 0.4532779125
-0.1478353488 -0.1462227967
-1.2215566352 -0.4179965193
-0.3273055450 -0.3099295572
-1.2615766231 -0.3839172468
-0.2654334713 -0.2561376939
-1.2592701498 -0.3859810472
-0.2689882588 -0.2593155126
-1.2597242700 -0.3855756696
-0.2682882265 -0.2586905017
-1.2596379722 -0.3856527411
-0.2684212508 -0.2588092998
-1.2596544891 -0.3856379914
-0.2683957905 -0.2587865634
-1.2596513321 -0.3856408106
-0.2684006569 -0.2587909092
-1.2596519357 -0.3856402716
-0.2683997265 -0.2587900784
-1.2596518203 -0.3856403747
-0.2683999044 -0.2587902372
-1.2596518424 -0.3856403550
-0.2683998704 -0.2587902068
-1.2596518381 -0.3856403588
-0.2683998769 -0.2587902126
-1.2596518389 -0.3856403580
-0.2683998757 -0.2587902115
-1.2596518388 -0.3856403582
-0.2683998759 -0.2587902118
-1.2596518388 -0.3856403581
-0.2683998759 -0.2587902117
-1.2596518388 -0.3856403581
-0.2683998759 -0.2587902117
-1.2596518388 -0.3856403581
-0.2683998759 -0.2587902117
-1.2596518388 -0.3856403581
-0.2683998759 -0.2587902117
-1.2596518388 -0.3856403581
-0.2683998759 -0.2587902117
-1.2596518388 -0.3856403581
-0.2683998759 -0.2587902117
-1.2596518388 -0.3856403581
-0.2683998759 -0.2587902117
-1.2596518388 -0.3856403581
-0.2683998759 -0.2587902117
-1.2596518388 -0.3856403581
-0.2683998759 -0.2587902117
-1.2596518388 -0.3856403581
-0.2683998759 -0.2587902117
-1.2596518388 -0.3856403581
-0.2683998759 -0.2587902117
-1.2596518388 -0.3856403581
-0.2683998759 -0.2587902117
-1.2596518388 -0.3856403581
-0.2683998759 -0.2587902117
-1.2596518388 -0.3856403581
-0.2683998759 -0.2587902117
-1.2596518388 -0.3856403581
-0.2683998759 -0.2587902117
-1.2596518388 -0.3856403581
-0.2683998759 -0.2587902117
-1.2596518388 -0.3856403581
-0.2683998759 -0.2587902117
-1.2596518388 -0.3856403581
-0.2683998759 -0.2587902117
-1.2596518388 -0.3856403581
-0.2683998759 -0.2587902117
-1.2596518388 -0.3856403581
-0.2683998759 -0.2587902117
-1.2596518388 -0.3856403581
-0.2683998759 -0.2587902117
-1.2596518388 -0.3856403581
-0.2683998759 -0.2587902117
-1.2596518388 -0.3856403581
-0.2683998759 -0.2587902117
-1.2596518388 -0.3856403581
-0.2683998759 -0.2587902117
-1.2596518388 -0.3856403581
-0.2683998759 -0.2587902117
-1.2596518388 -0.3856403581
-0.2683998759 -0.2587902117
-1.2596518388 -0.3856403581
-0.2683998759 -0.2587902117
-1.2596518388 -0.3856403581
-0.2683998759 -0.2587902117
-1.2596518388 -0.3856403581
-0.2683998759 -0.2587902117
-1.2596518388 -0.3856403581
-0.2683998759 -0.2587902117
-1.2596518388 -0.3856403581
-0.2683998759 -0.2587902117
-1.2596518388 -0.3856403581
-0.2683998759 -0.2587902117
-1.2596518388 -0.3856403581
-0.2683998759 -0.2587902117
-1.2596518388 -0.3856403581
-0.2683998759 -0.2587902117
-1.2596518388 -0.3856403581
-0.2683998759 -0.2587902117
-1.2596518388 -0.3856403581
-0.2683998759 -0.2587902117
-1.2596518388 -0.3856403581
-0.2683998759 -0.2587902117
-1.2596518388 -0.3856403581
-0.2683998759 -0.2587902117
-1.2596518388 -0.3856403581
-0.2683998759 -0.2587902117
-1.2596518388 -0.3856403581
-0.2683998759 -0.2587902117
-1.2596518388 -0.3856403581
-0.2683998759 -0.2587902117
-1.2596518388 -0.3856403581
-0.2683998759 -0.2587902117
-1.2596518388 -0.3856403581
-0.2683998759 -0.2587902117
-1.2596518388 -0.3856403581
-0.2683998759 -0.2587902117
-1.2596518388 -0.3856403581
-0.2683998759 -0.2587902117
-1.2596518388 -0.3856403581
-0.2683998759 -0.2587902117
-1.2596518388 -0.3856403581
-0.2683998759 -0.2587902117
-1.2596518388 -0.3856403581
-0.2683998759 -0.2587902117
-1.2596518388 -0.3856403581
-0.2683998759 -0.2587902117
-1.2596518388 -0.3856403581
-0.2683998759 -0.2587902117
-1.2596518388 -0.3856403581
-0.2683998759 -0.2587902117
-1.2596518388 -0.3856403581
-0.2683998759 -0.2587902117
-1.2596518388 -0.3856403581
-0.2683998759 -0.2587902117
-1.2596518388 -0.3856403581
-0.2683998759 -0.2587902117
-1.2596518388 -0.3856403581
-0.2683998759 -0.2587902117
-1.2596518388 -0.3856403581
-0.2683998759 -0.2587902117
-1.2596518388 -0.3856403581
-0.2683998759 -0.2587902117
-1.2596518388 -0.3856403581
-0.2683998759 -0.2587902117
-1.2596518388 -0.3856403581
-0.2683998759 -0.2587902117
-1.2596518388 -0.3856403581
-0.2683998759 -0.2587902117
-1.2596518388 -0.3856403581
-0.2683998759 -0.2587902117
-1.2596518388 -0.3856403581
-0.2683998759 -0.2587902117
-1.2596518388 -0.3856403581
-0.2683998759 -0.2587902117
-1.2596518388 -0.3856403581
-0.2683998759 -0.2587902117
-1.2596518388 -0.3856403581
-0.2683998759 -0.2587902117
-1.2596518388 -0.3856403581
-0.2683998759 -0.2587902117
-1.2596518388 -0.3856403581
-0.2683998759 -0.2587902117
-1.2596518388 -0.3856403581
-0.2683998759 -0.2587902117
-1.2596518388 -0.3856403581
-0.2683998759 -0.2587902117
-1.2596518388 -0.3856403581
-0.2683998759 -0.2587902117
-1.2596518388 -0.3856403581
-0.2683998759 -0.2587902117
-1.2596518388 -0.3856403581
-0.2683998759 -0.2587902117
-1.2596518388 -0.3856403581
-0.2683998759 -0.2587902117
-1.2596518388 -0.3856403581
-0.2683998759 -0.2587902117
-1.2596518388 -0.3856403581
-0.2683998759 -0.2587902117
-1.2596518388 -0.3856403581
-0.2683998759 -0.2587902117
-1.2596518388 -0.3856403581
-0.2683998759 -0.2587902117
-1.2596518388 -0.3856403581
-0.2683998759 -0.2587902117
-1.2596518388 -0.3856403581
-0.2683998759 -0.2587902117
-1.2596518388 -0.3856403581
-0.2683998759 -0.2587902117
-1.2596518388 -0.3856403581
-0.2683998759 -0.2587902117
-1.2596518388 -0.3856403581
-0.2683998759 -0.2587902117
-1.2596518388 -0.3856403581
-0.2683998759 -0.2587902117
-1.2596518388 -0.3856403581
-0.2683998759 -0.2587902117
-1.2596518388 -0.3856403581
-0.2683998759 -0.2587902117
-1.2596518388 -0.3856403581
-0.2683998759 -0.2587902117
-1.2596518388 -0.3856403581
-0.2683998759 -0.2587902117
-1.2596518388 -0.3856403581
-0.2683998759 -0.2587902117
-1.2596518388 -0.3856403581
-0.2683998759 -0.2587902117
-1.2596518388 -0.3856403581
-0.2683998759 -0.2587902117
-1.2596518388 -0.3856403581
-0.2683998759 -0.2587902117
-1.2596518388 -0.3856403581
-0.2683998759 -0.2587902117
-1.2596518388 -0.3856403581
-0.2683998759 -0.2587902117
-1.2596518388 -0.3856403581
-0.2683998759 -0.2587902117
-1.2596518388 -0.3856403581
-0.2683998759 -0.2587902117
-1.2596518388 -0.3856403581
-0.2683998759 -0.2587902117
-1.2596518388 -0.3856403581
-0.2683998759 -0.2587902117
-1.2596518388 -0.3856403581
-0.2683998759 -0.2587902117
-1.2596518388 -0.3856403581
-0.2683998759 -0.2587902117
-1.2596518388 -0.3856403581
-0.2683998759 -0.2587902117
-1.2596518388 -0.3856403581
-0.2683998759 -0.2587902117
-1.2596518388 -0.3856403581
-0.2683998759 -0.2587902117
-1.2596518388 -0.3856403581
-0.2683998759 -0.2587902117
-1.2596518388 -0.3856403581
-0.2683998759 -0.2587902117
-1.2596518388 -0.3856403581
-0.2683998759 -0.2587902117
-1.2596518388 -0.3856403581
-0.2683998759 -0.2587902117
-1.2596518388 -0.3856403581
-0.2683998759 -0.2587902117
-1.2596518388 -0.3856403581
-0.2683998759 -0.2587902117
-1.2596518388 -0.3856403581
-0.2683998759 -0.2587902117
-1.2596518388 -0.3856403581
-0.2683998759 -0.2587902117
-1.2596518388 -0.3856403581
-0.2683998759 -0.2587902117
-1.2596518388 -0.3856403581
-0.2683998759 -0.2587902117
-1.2596518388 -0.3856403581
-0.2683998759 -0.2587902117
-1.2596518388 -0.3856403581
-0.2683998759 -0.2587902117
-1.2596518388 -0.3856403581
-0.2683998759 -0.2587902117
-1.2596518388 -0.3856403581
-0.2683998759 -0.2587902117
-1.2596518388 -0.3856403581
-0.2683998759 -0.2587902117
-1.2596518388 -0.3856403581
-0.2683998759 -0.2587902117
-1.2596518388 -0.3856403581
-0.2683998759 -0.2587902117
-1.2596518388 -0.3856403581
-0.2683998759 -0.2587902117
-1.2596518388 -0.3856403581
-0.2683998759 -0.2587902117
-1.2596518388 -0.3856403581
-0.2683998759 -0.2587902117
-1.2596518388 -0.3856403581
-0.2683998759 -0.2587902117
-1.2596518388 -0.3856403581
-0.2683998759 -0.2587902117
-1.2596518388 -0.3856403581
-0.2683998759 -0.2587902117
-1.2596518388 -0.3856403581
-0.2683998759 -0.2587902117
-1.2596518388 -0.3856403581
-0.2683998759 -0.2587902117
-1.2596518388 -0.3856403581
-0.2683998759 -0.2587902117
-1.2596518388 -0.3856403581
-0.2683998759 -0.2587902117
-1.2596518388 -0.3856403581
-0.2683998759 -0.2587902117
-1.2596518388 -0.3856403581
-0.2683998759 -0.2587902117
-1.2596518388 -0.3856403581
-0.2683998759 -0.2587902117
-1.2596518388 -0.3856403581
-0.2683998759 -0.2587902117
-1.2596518388 -0.3856403581
-0.2683998759 -0.2587902117
-1.2596518388 -0.3856403581
-0.2683998759 -0.2587902117
-1.2596518388 -0.3856403581
-0.2683998759 -0.2587902117
-1.2596518388 -0.3856403581
-0.2683998759 -0.2587902117
-1.2596518388 -0.3856403581
-0.2683998759 -0.2587902117
-1.2596518388 -0.3856403581
-0.2683998759 -0.2587902117
-1.2596518388 -0.3856403581
-0.2683998759 -0.2587902117
-1.2596518388 -0.3856403581
-0.2683998759 -0.2587902117
-1.2596518388 -0.3856403581
-0.2683998759 -0.2587902117
-1.2596518388 -0.3856403581
-0.2683998759 -0.2587902117
-1.2596518388 -0.3856403581
-0.2683998759 -0.2587902117
-1.2596518388 -0.3856403581
-0.2683998759 -0.2587902117
-1.2596518388 -0.3856403581
-0.2683998759 -0.2587902117
-1.2596518388 -0.3856403581
-0.2683998759 -0.2587902117
-1.2596518388 -0.3856403581
-0.2683998759 -0.2587902117
-1.2596518388 -0.3856403581
-0.2683998759 -0.2587902117
-1.2596518388 -0.3856403581
-0.2683998759 -0.2587902117
-1.2596518388 -0.3856403581
-0.2683998759 -0.2587902117
-1.2596518388 -0.3856403581
-0.2683998759 -0.2587902117
-1.2596518388 -0.3856403581
-0.2683998759 -0.2587902117
-1.2596518388 -0.3856403581
-0.2683998759 -0.2587902117
-1.2596518388 -0.3856403581
-0.2683998759 -0.2587902117
-1.2596518388 -0.3856403581
-0.2683998759 -0.2587902117
-1.2596518388 -0.3856403581
-0.2683998759 -0.2587902117
-1.2596518388 -0.3856403581
-0.2683998759 -0.2587902117
-1.2596518388 -0.3856403581
-0.2683998759 -0.2587902117
-1.2596518388 -0.3856403581
-0.2683998759 -0.2587902117
-1.2596518388 -0.3856403581
-0.2683998759 -0.2587902117
-1.2596518388 -0.3856403581
-0.2683998759 -0.2587902117
-1.2596518388 -0.3856403581
-0.2683998759 -0.2587902117
-1.2596518388 -0.3856403581
-0.2683998759 -0.2587902117
-1.2596518388 -0.3856403581
-0.2683998759 -0.2587902117
-1.2596518388 -0.3856403581
-0.2683998759 -0.2587902117
-1.2596518388 -0.3856403581
-0.2683998759 -0.2587902117
-1.2596518388 -0.3856403581
-0.2683998759 -0.2587902117
-1.2596518388 -0.3856403581
-0.2683998759 -0.2587902117
-1.2596518388 -0.3856403581
-0.2683998759 -0.2587902117
-1.2596518388 -0.3856403581
-0.2683998759 -0.2587902117
-1.2596518388 -0.3856403581
-0.2683998759 -0.2587902117
-1.2596518388 -0.3856403581
-0.2683998759 -0.2587902117
-1.2596518388 -0.3856403581
-0.2683998759 -0.2587902117
-1.2596518388 -0.3856403581
-0.2683998759 -0.2587902117
-1.2596518388 -0.3856403581
-0.2683998759 -0.2587902117
-1.2596518388 -0.3856403581
-0.2683998759 -0.2587902117
-1.2596518388 -0.3856403581
-0.2683998759 -0.2587902117
-1.2596518388 -0.3856403581
-0.2683998759 -0.2587902117
-1.2596518388 -0.3856403581
-0.2683998759 -0.2587902117
-1.2596518388 -0.3856403581
-0.2683998759 -0.2587902117
-1.2596518388 -0.3856403581
-0.2683998759 -0.2587902117
-1.2596518388 -0.3856403581
-0.2683998759 -0.2587902117
-1.2596518388 -0.3856403581
-0.2683998759 -0.2587902117
-1.2596518388 -0.3856403581
-0.2683998759 -0.2587902117
-1.2596518388 -0.3856403581
-0.2683998759 -0.2587902117
-1.2596518388 -0.3856403581
-0.2683998759 -0.2587902117
-1.2596518388 -0.3856403581
-0.2683998759 -0.2587902117
-1.2596518388 -0.3856403581
-0.2683998759 -0.2587902117
-1.2596518388 -0.3856403581
-0.2683998759 -0.2587902117
-1.2596518388 -0.3856403581
-0.2683998759 -0.2587902117
-1.2596518388 -0.3856403581
-0.2683998759 -0.2587902117
-1.2596518388 -0.3856403581
-0.2683998759 -0.2587902117
-1.2596518388 -0.3856403581
-0.2683998759 -0.2587902117
-1.2596518388 -0.3856403581
-0.2683998759 -0.2587902117
-1.2596518388 -0.3856403581
-0.2683998759 -0.2587902117
-1.2596518388 -0.3856403581
-0.2683998759 -0.2587902117
-1.2596518388 -0.3856403581
-0.2683998759 -0.2587902117
-1.2596518388 -0.3856403581
-0.2683998759 -0.2587902117
-1.2596518388 -0.3856403581
-0.2683998759 -0.2587902117
-1.2596518388 -0.3856403581
-0.2683998759 -0.2587902117
-1.2596518388 -0.3856403581
-0.2683998759 -0.2587902117
-1.2596518388 -0.3856403581
-0.2683998759 -0.2587902117
-1.2596518388 -0.3856403581
-0.2683998759 -0.2587902117
-1.2596518388 -0.3856403581
-0.2683998759 -0.2587902117
-1.2596518388 -0.3856403581
-0.2683998759 -0.2587902117
-1.2596518388 -0.3856403581
-0.2683998759 -0.2587902117
-1.2596518388 -0.3856403581
-0.2683998759 -0.2587902117
-1.2596518388 -0.3856403581
-0.2683998759 -0.2587902117
-1.2596518388 -0.3856403581
-0.2683998759 -0.2587902117
-1.2596518388 -0.3856403581
-0.2683998759 -0.2587902117
-1.2596518388 -0.3856403581
-0.2683998759 -0.2587902117
-1.2596518388 -0.3856403581
-0.2683998759 -0.2587902117
-1.2596518388 -0.3856403581
-0.2683998759 -0.2587902117
-1.2596518388 -0.3856403581
-0.2683998759 -0.2587902117
-1.2596518388 -0.3856403581
-0.2683998759 -0.2587902117
-1.2596518388 -0.3856403581
-0.2683998759 -0.2587902117
-1.2596518388 -0.3856403581
-0.2683998759 -0.2587902117
-1.2596518388 -0.3856403581
-0.2683998759 -0.2587902117
-1.2596518388 -0.3856403581
-0.2683998759 -0.2587902117
-1.2596518388 -0.3856403581
-0.2683998759 -0.2587902117
-1.2596518388 -0.3856403581
-0.2683998759 -0.2587902117
-1.2596518388 -0.3856403581
-0.2683998759 -0.2587902117
-1.2596518388 -0.3856403581
-0.2683998759 -0.2587902117
-1.2596518388 -0.3856403581
-0.2683998759 -0.2587902117
-1.2596518388 -0.3856403581
-0.2683998759 -0.2587902117
-1.2596518388 -0.3856403581
-0.2683998759 -0.2587902117
-1.2596518388 -0.3856403581
-0.2683998759 -0.2587902117
-1.2596518388 -0.3856403581
-0.2683998759 -0.2587902117
-1.2596518388 -0.3856403581
-0.2683998759 -0.2587902117
-1.2596518388 -0.3856403581
-0.2683998759 -0.2587902117
-1.2596518388 -0.3856403581
-0.2683998759 -0.2587902117
-1.2596518388 -0.3856403581
-0.2683998759 -0.2587902117
-1.2596518388 -0.3856403581
-0.2683998759 -0.2587902117
-1.2596518388 -0.3856403581
-0.2683998759 -0.2587902117
-1.2596518388 -0.3856403581
-0.2683998759 -0.2587902117
-1.2596518388 -0.3856403581
-0.2683998759 -0.2587902117
-1.2596518388 -0.3856403581
-0.2683998759 -0.2587902117
-1.2596518388 -0.3856403581
-0.2683998759 -0.2587902117
-1.2596518388 -0.3856403581
-0.2683998759 -0.2587902117
-1.2596518388 -0.3856403581
-0.2683998759 -0.2587902117
-1.2596518388 -0.3856403581
-0.2683998759 -0.2587902117
-1.2596518388 -0.3856403581
-0.2683998759 -0.2587902117
-1.2596518388 -0.3856403581
-0.2683998759 -0.2587902117
-1.2596518388 -0.3856403581
-0.2683998759 -0.2587902117
-1.2596518388 -0.3856403581
-0.2683998759 -0.2587902117
-1.2596518388 -0.3856403581
-0.2683998759 -0.2587902117
-1.2596518388 -0.3856403581
-0.2683998759 -0.2587902117
-1.2596518388 -0.3856403581
-0.2683998759 -0.2587902117
-1.2596518388 -0.3856403581
-0.2683998759 -0.2587902117
-1.2596518388 -0.3856403581
-0.2683998759 -0.2587902117
-1.2596518388 -0.3856403581
-0.2683998759 -0.2587902117
-1.2596518388 -0.3856403581
-0.2683998759 -0.2587902117
-1.2596518388 -0.3856403581
-0.2683998759 -0.2587902117
-1.2596518388 -0.3856403581
-0.2683998759 -0.2587902117
-1.2596518388 -0.3856403581
-0.2683998759 -0.2587902117
-1.2596518388 -0.3856403581
-0.2683998759 -0.2587902117
-1.2596518388 -0.3856403581
-0.2683998759 -0.2587902117
-1.2596518388 -0.3856403581
-0.2683998759 -0.2587902117
-1.2596518388 -0.3856403581
-0.2683998759 -0.2587902117
-1.2596518388 -0.3856403581
-0.2683998759 -0.2587902117
-1.2596518388 -0.3856403581
-0.2683998759 -0.2587902117
-1.2596518388 -0.3856403581
-0.2683998759 -0.2587902117
-1.2596518388 -0.3856403581
-0.2683998759 -0.2587902117
-1.2596518388 -0.3856403581
-0.2683998759 -0.2587902117
-1.2596518388 -0.3856403581
-0.2683998759 -0.2587902117
-1.2596518388 -0.3856403581
-0.2683998759 -0.2587902117
-1.2596518388 -0.3856403581
-0.2683998759 -0.2587902117
-1.2596518388 -0.3856403581
-0.2683998759 -0.2587902117
-1.2596518388 -0.3856403581
-0.2683998759 -0.2587902117
-1.2596518388 -0.3856403581
-0.2683998759 -0.2587902117
-1.2596518388 -0.3856403581
-0.2683998759 -0.2587902117
-1.2596518388 -0.3856403581
-0.2683998759 -0.2587902117
-1.2596518388 -0.3856403581
-0.2683998759 -0.2587902117
-1.2596518388 -0.3856403581
-0.2683998759 -0.2587902117
-1.2596518388 -0.3856403581
-0.2683998759 -0.2587902117
-1.2596518388 -0.3856403581
-0.2683998759 -0.2587902117
-1.2596518388 -0.3856403581
-0.2683998759 -0.2587902117
-1.2596518388 -0.3856403581
-0.2683998759 -0.2587902117
-1.2596518388 -0.3856403581
-0.2683998759 -0.2587902117
-1.2596518388 -0.3856403581
-0.2683998759 -0.2587902117
-1.2596518388 -0.3856403581
-0.2683998759 -0.2587902117
-1.2596518388 -0.3856403581
-0.2683998759 -0.2587902117
-1.2596518388 -0.3856403581
-0.2683998759 -0.2587902117
-1.2596518388 -0.3856403581
-0.2683998759 -0.2587902117
-1.2596518388 -0.3856403581
-0.2683998759 -0.2587902117
-1.2596518388 -0.3856403581
-0.2683998759 -0.2587902117
-1.2596518388 -0.3856403581
-0.2683998759 -0.2587902117
-1.2596518388 -0.3856403581
-0.2683998759 -0.2587902117
-1.2596518388 -0.3856403581
-0.2683998759 -0.2587902117
-1.2596518388 -0.3856403581
-0.2683998759 -0.2587902117
-1.2596518388 -0.3856403581
-0.2683998759 -0.2587902117
-1.2596518388 -0.3856403581
-0.2683998759 -0.2587902117
-1.2596518388 -0.3856403581
-0.2683998759 -0.2587902117
-1.2596518388 -0.3856403581
-0.2683998759 -0.2587902117
-1.2596518388 -0.3856403581
-0.2683998759 -0.2587902117
-1.2596518388 -0.3856403581
-0.2683998759 -0.2587902117
-1.2596518388 -0.3856403581
-0.2683998759 -0.2587902117
-1.2596518388 -0.3856403581
-0.2683998759 -0.2587902117
-1.2596518388 -0.3856403581
-0.2683998759 -0.2587902117
-1.2596518388 -0.3856403581
-0.2683998759 -0.2587902117
-1.2596518388 -0.3856403581
-0.2683998759 -0.2587902117
-1.2596518388 -0.3856403581
-0.2683998759 -0.2587902117
-1.2596518388 -0.3856403581
-0.2683998759 -0.2587902117
-1.2596518388 -0.3856403581
-0.2683998759 -0.2587902117
-1.2596518388 -0.3856403581
-0.2683998759 -0.2587902117
-1.2596518388 -0.3856403581
-0.2683998759 -0.2587902117
-1.2596518388 -0.3856403581
-0.2683998759 -0.2587902117
-1.2596518388 -0.3856403581
-0.2683998759 -0.2587902117
-1.2596518388 -0.3856403581
-0.2683998759 -0.2587902117
-1.2596518388 -0.3856403581
-0.2683998759 -0.2587902117
-1.2596518388 -0.3856403581
-0.2683998759 -0.2587902117
-1.2596518388 -0.3856403581
-0.2683998759 -0.2587902117
-1.2596518388 -0.3856403581
-0.2683998759 -0.2587902117
-1.2596518388 -0.3856403581
-0.2683998759 -0.2587902117
-1.2596518388 -0.3856403581
-0.2683998759 -0.2587902117
-1.2596518388 -0.3856403581
-0.2683998759 -0.2587902117
-1.2596518388 -0.3856403581
-0.2683998759 -0.2587902117
-1.2596518388 -0.3856403581
-0.2683998759 -0.2587902117
-1.2596518388 -0.3856403581
-0.2683998759 -0.2587902117
-1.2596518388 -0.3856403581
-0.2683998759 -0.2587902117
-1.2596518388 -0.3856403581
-0.2683998759 -0.2587902117
-1.2596518388 -0.3856403581
-0.2683998759 -0.2587902117
-1.2596518388 -0.3856403581
-0.2683998759 -0.2587902117
-1.2596518388 -0.3856403581
-0.2683998759 -0.2587902117
-1.2596518388 -0.3856403581
-0.2683998759 -0.2587902117
-1.2596518388 -0.3856403581
-0.2683998759 -0.2587902117
-1.2596518388 -0.3856403581
-0.2683998759 -0.2587902117
-1.2596518388 -0.3856403581
-0.2683998759 -0.2587902117
-1.2596518388 -0.3856403581
-0.2683998759 -0.2587902117
-1.2596518388 -0.3856403581
-0.2683998759 -0.2587902117
-1.2596518388 -0.3856403581
-0.2683998759 -0.2587902117
-1.2596518388 -0.3856403581
-0.2683998759 -0.2587902117
-1.2596518388 -0.3856403581
-0.2683998759 -0.2587902117
-1.2596518388 -0.3856403581
-0.2683998759 -0.2587902117
-1.2596518388 -0.3856403581
-0.2683998759 -0.2587902117
-1.2596518388 -0.3856403581
-0.2683998759 -0.2587902117
-1.2596518388 -0.3856403581
-0.2683998759 -0.2587902117
-1.2596518388 -0.3856403581
-0.2683998759 -0.2587902117
-1.2596518388 -0.3856403581
-0.2683998759 -0.2587902117
-1.2596518388 -0.3856403581
-0.2683998759 -0.2587902117
-1.2596518388 -0.3856403581
-0.2683998759 -0.2587902117
-1.2596518388 -0.3856403581
-0.2683998759 -0.2587902117
-1.2596518388 -0.3856403581
-0.2683998759 -0.2587902117
-1.2596518388 -0.3856403581
-0.2683998759 -0.2587902117
-1.2596518388 -0.3856403581
-0.2683998759 -0.2587902117
-1.2596518388 -0.3856403581
-0.2683998759 -0.2587902117
-1.2596518388 -0.3856403581
-0.2683998759 -0.2587902117
-1.2596518388 -0.3856403581
-0.2683998759 -0.2587902117
-1.2596518388 -0.3856403581
-0.2683998759 -0.2587902117
-1.2596518388 -0.3856403581
-0.2683998759 -0.2587902117
-1.2596518388 -0.3856403581
-0.2683998759 -0.2587902117
-1.2596518388 -0.3856403581
-0.2683998759 -0.2587902117
-1.2596518388 -0.3856403581
-0.2683998759 -0.2587902117
-1.2596518388 -0.3856403581
-0.2683998759 -0.2587902117
-1.2596518388 -0.3856403581
-0.2683998759 -0.2587902117
-1.2596518388 -0.3856403581
-0.2683998759 -0.2587902117
-1.2596518388 -0.3856403581
-0.2683998759 -0.2587902117
-1.2596518388 -0.3856403581
-0.2683998759 -0.2587902117
-1.2596518388 -0.3856403581
-0.2683998759 -0.2587902117
-1.2596518388 -0.3856403581
-0.2683998759 -0.2587902117
-1.2596518388 -0.3856403581
-0.2683998759 -0.2587902117
-1.2596518388 -0.3856403581
-0.2683998759 -0.2587902117
-1.2596518388 -0.3856403581
-0.2683998759 -0.2587902117
-1.2596518388 -0.3856403581
-0.2683998759 -0.2587902117
-1.2596518388 -0.3856403581
-0.2683998759 -0.2587902117
-1.2596518388 -0.3856403581
-0.2683998759 -0.2587902117
-1.2596518388 -0.3856403581
-0.2683998759 -0.2587902117
-1.2596518388 -0.3856403581
-0.2683998759 -0.2587902117
-1.2596518388 -0.3856403581
-0.2683998759 -0.2587902117
-1.2596518388 -0.3856403581
-0.2683998759 -0.2587902117
-1.2596518388 -0.3856403581
-0.2683998759 -0.2587902117
-1.2596518388 -0.3856403581
-0.2683998759 -0.2587902117
-1.2596518388 -0.3856403581
-0.2683998759 -0.2587902117
-1.2596518388 -0.3856403581
-0.2683998759 -0.2587902117
-1.2596518388 -0.3856403581
-0.2683998759 -0.2587902117
-1.2596518388 -0.3856403581
-0.2683998759 -0.2587902117
-1.2596518388 -0.3856403581
-0.2683998759 -0.2587902117
-1.2596518388 -0.3856403581
-0.2683998759 -0.2587902117
-1.2596518388 -0.3856403581
-0.2683998759 -0.2587902117
-1.2596518388 -0.3856403581
-0.2683998759 -0.2587902117
-1.2596518388 -0.3856403581
-0.2683998759 -0.2587902117
-1.2596518388 -0.3856403581
-0.2683998759 -0.2587902117
-1.2596518388 -0.3856403581
-0.2683998759 -0.2587902117
-1.2596518388 -0.3856403581
-0.2683998759 -0.2587902117
-1.2596518388 -0.3856403581
-0.2683998759 -0.2587902117
-1.2596518388 -0.3856403581
-0.2683998759 -0.2587902117
-1.2596518388 -0.3856403581
-0.2683998759 -0.2587902117
-1.2596518388 -0.3856403581
-0.2683998759 -0.2587902117
-1.2596518388 -0.3856403581
-0.2683998759 -0.2587902117
-1.2596518388 -0.3856403581
-0.2683998759 -0.2587902117
-1.2596518388 -0.3856403581
-0.2683998759 -0.2587902117
-1.2596518388 -0.3856403581
-0.2683998759 -0.2587902117
-1.2596518388 -0.3856403581
-0.2683998759 -0.2587902117
-1.2596518388 -0.3856403581
-0.2683998759 -0.2587902117
-1.2596518388 -0.3856403581
-0.2683998759 -0.2587902117
-1.2596518388 -0.3856403581
-0.2683998759 -0.2587902117
-1.2596518388 -0.3856403581
-0.2683998759 -0.2587902117
-1.2596518388 -0.3856403581
-0.2683998759 -0.2587902117
-1.2596518388 -0.3856403581
-0.2683998759 -0.2587902117
-1.2596518388 -0.3856403581
-0.2683998759 -0.2587902117
-1.2596518388 -0.3856403581
-0.2683998759 -0.2587902117
-1.2596518388 -0.3856403581
-0.2683998759 -0.2587902117
-1.2596518388 -0.3856403581
-0.2683998759 -0.2587902117
-1.2596518388 -0.3856403581
-0.2683998759 -0.2587902117
-1.2596518388 -0.3856403581
-0.2683998759 -0.2587902117
-1.2596518388 -0.3856403581
-0.2683998759 -0.2587902117
-1.2596518388 -0.3856403581
-0.2683998759 -0.2587902117
-1.2596518388 -0.3856403581
-0.2683998759 -0.2587902117
-1.2596518388 -0.3856403581
-0.2683998759 -0.2587902117
-1.2596518388 -0.3856403581
-0.2683998759 -0.2587902117
-1.2596518388 -0.3856403581
-0.2683998759 -0.2587902117
-1.2596518388 -0.3856403581
-0.2683998759 -0.2587902117
-1.2596518388 -0.3856403581
-0.2683998759 -0.2587902117
-1.2596518388 -0.3856403581
-0.2683998759 -0.2587902117
-1.2596518388 -0.3856403581
-0.2683998759 -0.2587902117
-1.2596518388 -0.3856403581
-0.2683998759 -0.2587902117
-1.2596518388 -0.3856403581
-0.2683998759 -0.2587902117
-1.2596518388 -0.3856403581
-0.2683998759 -0.2587902117
-1.2596518388 -0.3856403581
-0.2683998759 -0.2587902117
-1.2596518388 -0.3856403581
-0.2683998759 -0.2587902117
-1.2596518388 -0.3856403581
-0.2683998759 -0.2587902117
-1.2596518388 -0.3856403581
-0.2683998759 -0.2587902117
-1.2596518388 -0.3856403581
-0.2683998759 -0.2587902117
-1.2596518388 -0.3856403581
-0.2683998759 -0.2587902117
-1.2596518388 -0.3856403581
-0.2683998759 -0.2587902117
-1.2596518388 -0.3856403581
-0.2683998759 -0.2587902117
-1.2596518388 -0.3856403581
-0.2683998759 -0.2587902117
-1.2596518388 -0.3856403581
-0.2683998759 -0.2587902117
-1.2596518388 -0.3856403581
-0.2683998759 -0.2587902117
-1.2596518388 -0.3856403581
-0.2683998759 -0.2587902117
-1.2596518388 -0.3856403581
-0.2683998759 -0.2587902117
-1.2596518388 -0.3856403581
-0.2683998759 -0.2587902117
-1.2596518388 -0.3856403581
-0.2683998759 -0.2587902117
-1.2596518388 -0.3856403581
-0.2683998759 -0.2587902117
-1.2596518388 -0.3856403581
-0.2683998759 -0.2587902117
-1.2596518388 -0.3856403581
-0.2683998759 -0.2587902117
-1.2596518388 -0.3856403581
-0.2683998759 -0.2587902117
-1.2596518388 -0.3856403581
-0.2683998759 -0.2587902117
-1.2596518388 -0.3856403581
-0.2683998759 -0.2587902117
-1.2596518388 -0.3856403581
-0.2683998759 -0.2587902117
-1.2596518388 -0.3856403581
-0.2683998759 -0.2587902117
-1.2596518388 -0.3856403581
-0.2683998759 -0.2587902117
-1.2596518388 -0.3856403581
-0.2683998759 -0.2587902117
-1.2596518388 -0.3856403581
-0.2683998759 -0.2587902117
-1.2596518388 -0.3856403581
-0.2683998759 -0.2587902117
-1.2596518388 -0.3856403581
-0.2683998759 -0.2587902117
-1.2596518388 -0.3856403581
-0.2683998759 -0.2587902117
-1.2596518388 -0.3856403581
-0.2683998759 -0.2587902117
-1.2596518388 -0.3856403581
-0.2683998759 -0.2587902117
-1.2596518388 -0.3856403581
-0.2683998759 -0.2587902117
-1.2596518388 -0.3856403581
-0.2683998759 -0.2587902117
-1.2596518388 -0.3856403581
-0.2683998759 -0.2587902117
-1.2596518388 -0.3856403581
-0.2683998759 -0.2587902117
-1.2596518388 -0.3856403581
-0.2683998759 -0.2587902117
-1.2596518388 -0.3856403581
-0.2683998759 -0.2587902117
-1.2596518388 -0.3856403581
-0.2683998759 -0.2587902117
-1.2596518388 -0.3856403581
-0.2683998759 -0.2587902117
-1.2596518388 -0.3856403581
-0.2683998759 -0.2587902117
-1.2596518388 -0.3856403581
-0.2683998759 -0.2587902117
-1.2596518388 -0.3856403581
-0.2683998759 -0.2587902117
-1.2596518388 -0.3856403581
-0.2683998759 -0.2587902117
-1.2596518388 -0.3856403581
-0.2683998759 -0.2587902117
-1.2596518388 -0.3856403581
-0.2683998759 -0.2587902117
-1.2596518388 -0.3856403581
-0.2683998759 -0.2587902117
-1.2596518388 -0.3856403581
-0.2683998759 -0.2587902117
-1.2596518388 -0.3856403581
-0.2683998759 -0.2587902117
-1.2596518388 -0.3856403581
-0.2683998759 -0.2587902117
-1.2596518388 -0.3856403581
-0.2683998759 -0.2587902117
-1.2596518388 -0.3856403581
-0.2683998759 -0.2587902117
-1.2596518388 -0.3856403581
-0.2683998759 -0.2587902117
-1.2596518388 -0.3856403581
-0.2683998759 -0.2587902117
-1.2596518388 -0.3856403581
-0.2683998759 -0.2587902117
-1.2596518388 -0.3856403581
-0.2683998759 -0.2587902117
-1.2596518388 -0.3856403581
-0.2683998759 -0.2587902117
-1.2596518388 -0.3856403581
-0.2683998759 -0.2587902117
-1.2596518388 -0.3856403581
-0.2683998759 -0.2587902117
-1.2596518388 -0.3856403581
-0.2683998759 -0.2587902117
-1.2596518388 -0.3856403581
-0.2683998759 -0.2587902117
-1.2596518388 -0.3856403581
-0.2683998759 -0.2587902117
-1.2596518388 -0.3856403581
-0.2683998759 -0.2587902117
-1.2596518388 -0.3856403581
-0.2683998759 -0.2587902117
-1.2596518388 -0.3856403581
-0.2683998759 -0.2587902117
-1.2596518388 -0.3856403581
-0.2683998759 -0.2587902117
-1.2596518388 -0.3856403581
-0.2683998759 -0.2587902117
-1.2596518388 -0.3856403581
