0.7557628633 0.5500053277
0.7117861137 0.5389618955
0.6504100851 0.5176194702
0.5659892638 0.4777280602
0.4524745683 0.4069411451
0.3051491641 0.2910519285
0.1241030145 0.1231485505
-0.0810558651 -0.0807897402
-0.2889881862 -0.2770046308
-0.4729851746 -0.4210572547
-0.6146818318 -0.5021686102
-0.7118007020 -0.5389661589
-0.7731710772 -0.5533582038
-0.8100702779 -0.5585009521
-0.8316340786 -0.5602461162
-0.8440374849 -0.5608214736
-0.8511091843 -0.5610081351
-0.8551212603 -0.5610681518
-0.8573912201 -0.5610873520
-0.8586735381 -0.5610934770
-0.8593973001 -0.5610954279
-0.8598056037 -0.5610960487
-0.8600358809 -0.5610962461
-0.8601657336 -0.5610963089
-0.8602389509 -0.5610963289
-0.8602802323 -0.5610963352
-0.8603035069 -0.5610963373
-0.8603166291 -0.5610963379
-0.8603240272 -0.5610963381
-0.8603281982 -0.5610963382
-0.8603305498 -0.5610963382
-0.8603318755 -0.5610963382
-0.8603326230 -0.5610963382
-0.8603330444 -0.5610963382
-0.8603332820 -0.5610963382
-0.8603334159 -0.5610963382
