0 0.7557628633 2.1064439007 0.5500053277
1 0.5651969481 2.1064439007 0.4772992906
2 0.0721828441 2.1064439007 0.0719948764
3 -0.8307101559 2.1064439007 -0.5601906759
4 -0.8861714544 2.1064439007 -0.5603992852
5 -0.8369442201 2.1064439007 -0.5605309808
6 -0.8808247577 2.1064439007 -0.5606583950
7 -0.8418464822 2.1064439007 -0.5607427608
8 -0.8765857833 2.1064439007 -0.5608210839
9 -0.8457103801 2.1064439007 -0.5608749306
10 -0.8732235418 2.1064439007 -0.5609233111
11 -0.8487606486 2.1064439007 -0.5609575740
12 -0.8705562674 2.1064439007 -0.5609875697
13 -0.8511712360 2.1064439007 -0.5610093166
14 -0.8684402901 2.1064439007 -0.5610279671
15 -0.8530777467 2.1064439007 -0.5610417418
16 -0.8667617738 2.1064439007 -0.5610533638
17 -0.8545864082 2.1064439007 -0.5610620743
18 -0.8654304091 2.1064439007 -0.5610693290
19 -0.8557807123 2.1064439007 -0.5610748298
20 -0.8643745121 2.1064439007 -0.5610793644
21 -0.8567264328 2.1064439007 -0.5610828345
22 -0.8635371740 2.1064439007 -0.5610856719
23 -0.8574754694 2.1064439007 -0.5610878590
24 -0.8628732182 2.1064439007 -0.5610896359
25 -0.8580688216 2.1064439007 -0.5610910135
26 -0.8623467867 2.1064439007 -0.5610921270
27 -0.8585389043 2.1064439007 -0.5610929942
28 -0.8619294232 2.1064439007 -0.5610936923
29 -0.8589113610 2.1064439007 -0.5610942380
30 -0.8615985499 2.1064439007 -0.5610946758
31 -0.8592064873 2.1064439007 -0.5610950191
32 -0.8613362559 2.1064439007 -0.5610952938
33 -0.8594403515 2.1064439007 -0.5610955097
34 -0.8611283351 2.1064439007 -0.5610956821
35 -0.8596256780 2.1064439007 -0.5610958178
36 -0.8609635213 2.1064439007 -0.5610959260
37 -0.8597725456 2.1064439007 -0.5610960113
38 -0.8608328806 2.1064439007 -0.5610960792
39 -0.8598889382 2.1064439007 -0.5610961329
40 -0.8607293297 2.1064439007 -0.5610961755
41 -0.8599811812 2.1064439007 -0.5610962092
42 -0.8606472524 2.1064439007 -0.5610962360
43 -0.8600542864 2.1064439007 -0.5610962572
44 -0.8605821966 2.1064439007 -0.5610962740
45 -0.8601122252 2.1064439007 -0.5610962873
46 -0.8605306329 2.1064439007 -0.5610962979
47 -0.8601581443 2.1064439007 -0.5610963062
48 -0.8604897634 2.1064439007 -0.5610963129
49 -0.8601945376 2.1064439007 -0.5610963181
50 -0.8604573705 2.1064439007 -0.5610963223
51 -0.8602233814 2.1064439007 -0.5610963256
52 -0.8604316961 2.1064439007 -0.5610963282
53 -0.8602462418 2.1064439007 -0.5610963303
54 -0.8604113468 2.1064439007 -0.5610963319
55 -0.8602643602 2.1064439007 -0.5610963332
56 -0.8603952183 2.1064439007 -0.5610963342
57 -0.8602787202 2.1064439007 -0.5610963351
58 -0.8603824351 2.1064439007 -0.5610963357
59 -0.8602901015 2.1064439007 -0.5610963362
60 -0.8603723034 2.1064439007 -0.5610963366
61 -0.8602991220 2.1064439007 -0.5610963370
62 -0.8603642732 2.1064439007 -0.5610963372
63 -0.8603062714 2.1064439007 -0.5610963374
64 -0.8603579086 2.1064439007 -0.5610963376
65 -0.8603119378 2.1064439007 -0.5610963377
66 -0.8603528641 2.1064439007 -0.5610963378
67 -0.8603164288 2.1064439007 -0.5610963379
68 -0.8603488660 2.1064439007 -0.5610963379
69 -0.8603199883 2.1064439007 -0.5610963380
70 -0.8603456972 2.1064439007 -0.5610963380
71 -0.8603228094 2.1064439007 -0.5610963381
72 -0.8603431857 2.1064439007 -0.5610963381
73 -0.8603250454 2.1064439007 -0.5610963381
74 -0.8603411951 2.1064439007 -0.5610963381
75 -0.8603268175 2.1064439007 -0.5610963381
76 -0.8603396174 2.1064439007 -0.5610963382
77 -0.8603282221 2.1064439007 -0.5610963382
78 -0.8603383670 2.1064439007 -0.5610963382
79 -0.8603293353 2.1064439007 -0.5610963382
80 -0.8603373759 2.1064439007 -0.5610963382
81 -0.8603302177 2.1064439007 -0.5610963382
82 -0.8603365904 2.1064439007 -0.5610963382
83 -0.8603309170 2.1064439007 -0.5610963382
84 -0.8603359679 2.1064439007 -0.5610963382
85 -0.8603314712 2.1064439007 -0.5610963382
86 -0.8603354744 2.1064439007 -0.5610963382
87 -0.8603319105 2.1064439007 -0.5610963382
88 -0.8603350834 2.1064439007 -0.5610963382
89 -0.8603322587 2.1064439007 -0.5610963382
90 -0.8603347734 2.1064439007 -0.5610963382
91 -0.8603325346 2.1064439007 -0.5610963382
92 -0.8603345277 2.1064439007 -0.5610963382
93 -0.8603327533 2.1064439007 -0.5610963382
94 -0.8603343330 2.1064439007 -0.5610963382
95 -0.8603329267 2.1064439007 -0.5610963382
96 -0.8603341787 2.1064439007 -0.5610963382
97 -0.8603330641 2.1064439007 -0.5610963382
98 -0.8603340564 2.1064439007 -0.5610963382
99 -0.8603331729 2.1064439007 -0.5610963382
100 -0.8603339594 2.1064439007 -0.5610963382
101 -0.8603332592 2.1064439007 -0.5610963382
102 -0.8603338826 2.1064439007 -0.5610963382
103 -0.8603333277 2.1064439007 -0.5610963382
104 -0.8603338217 2.1064439007 -0.5610963382
105 -0.8603333819 2.1064439007 -0.5610963382
106 -0.8603337734 2.1064439007 -0.5610963382
107 -0.8603334248 2.1064439007 -0.5610963382
108 -0.8603337352 2.1064439007 -0.5610963382
109 -0.8603334589 2.1064439007 -0.5610963382
110 -0.8603337049 2.1064439007 -0.5610963382
111 -0.8603334859 2.1064439007 -0.5610963382
112 -0.8603336808 2.1064439007 -0.5610963382
113 -0.8603335073 2.1064439007 -0.5610963382
114 -0.8603336618 2.1064439007 -0.5610963382
115 -0.8603335242 2.1064439007 -0.5610963382
116 -0.8603336467 2.1064439007 -0.5610963382
117 -0.8603335377 2.1064439007 -0.5610963382
