0.7557628633 0.5500053277
0.7348215540 0.5452011497
0.7098929749 0.5384052891
0.6803172709 0.5288604016
0.6453746095 0.5155733161
0.6043062972 0.4972815076
0.5563528142 0.4724474695
0.5008147126 0.4393104975
0.4371416805 0.3960352535
0.3650516024 0.3409966513
0.2846733191 0.2732162002
0.1966928516 0.1929002684
0.1024649369 0.1019275144
0.0040375010 0.0040374681
-0.0959600538 -0.0955185767
-0.1945805698 -0.1909086116
-0.2889311419 -0.2769546486
-0.3765535865 -0.3501712870
-0.4557007905 -0.4091978175
-0.5254410607 -0.4545605287
-0.5855954992 -0.4880253947
-0.6365681947 -0.5118902594
-0.6791421288 -0.5284485423
-0.7142946495 -0.5396892463
-0.7430578529 -0.5471902075
-0.7664271262 -0.5521289555
-0.7853096907 -0.5553469342
-0.8005017569 -0.5574267434
-0.8126839676 -0.5587624780
-0.8224273266 -0.5596161260
-0.8302043280 -0.5601595869
-0.8364019959 -0.5605045338
-0.8413349371 -0.5607229640
-0.8452574189 -0.5608610246
-0.8483740379 -0.5609481601
-0.8508488653 -0.5610030917
-0.8528131299 -0.5610376902
-0.8543715782 -0.5610594665
-0.8556076861 -0.5610731648
-0.8565878956 -0.5610817777
-0.8573650391 -0.5610871914
-0.8579810950 -0.5610905931
-0.8584693972 -0.5610927302
-0.8588564032 -0.5610940726
-0.8591631042 -0.5610949156
-0.8594061498 -0.5610954450
-0.8595987429 -0.5610957774
-0.8597513511 -0.5610959861
-0.8598722724 -0.5610961172
-0.8599680840 -0.5610961994
-0.8600439986 -0.5610962511
-0.8601041473 -0.5610962835
-0.8601518039 -0.5610963039
-0.8601895625 -0.5610963166
-0.8602194785 -0.5610963247
-0.8602431809 -0.5610963297
-0.8602619601 -0.5610963329
-0.8602768386 -0.5610963348
-0.8602886267 -0.5610963361
-0.8602979662 -0.5610963369
-0.8603053658 -0.5610963374
-0.8603112283 -0.5610963377
-0.8603158731 -0.5610963379
-0.8603195530 -0.5610963380
-0.8603224686 -0.5610963381
-0.8603247785 -0.5610963381
-0.8603266087 -0.5610963381
-0.8603280586 -0.5610963382
-0.8603292074 -0.5610963382
-0.8603301176 -0.5610963382
-0.8603308387 -0.5610963382
-0.8603314100 -0.5610963382
-0.8603318626 -0.5610963382
-0.8603322212 -0.5610963382
-0.8603325053 -0.5610963382
-0.8603327304 -0.5610963382
-0.8603329088 -0.5610963382
-0.8603330501 -0.5610963382
-0.8603331620 -0.5610963382
