0 0.7557628633 2.1064439007 0.5500053277
1 0.4814317107 2.1064439007 0.4267087545
2 -0.3876309216 2.1064439007 -0.3588714826
3 -1.4084931667 2.1064439007 -0.2276005581
4 0.2006988398 2.1064439007 0.1966703125
5 -1.0305928828 2.1064439007 -0.5300447168
6 -0.5465083605 2.1064439007 -0.4669063338
7 -1.2936274954 2.1064439007 -0.3539799934
8 -0.0221136352 2.1064439007 -0.0221082285
9 -1.3311527902 2.1064439007 -0.3159575874
10 0.0518870458 2.1064439007 0.0518172146
11 -1.2528246304 2.1064439007 -0.3916838156
12 -0.1034544257 2.1064439007 -0.1029012924
13 -1.3924546350 2.1064439007 -0.2470184054
14 0.1703379186 2.1064439007 0.1678727100
15 -1.0828770433 2.1064439007 -0.5076408313
16 -0.4439542314 2.1064439007 -0.4009174552
17 -1.3771666555 2.1064439007 -0.2649971563
18 0.1411345374 2.1064439007 0.1397312426
19 -1.1298328940 2.1064439007 -0.4822250335
20 -0.3504573830 2.1064439007 -0.3291551040
21 -1.4232087171 2.1064439007 -0.2092862549
22 0.2282875785 2.1064439007 0.2223647396
23 -0.9800454572 2.1064439007 -0.5458704172
24 -0.6434210510 2.1064439007 -0.5147677457
25 -1.1858090120 2.1064439007 -0.4453274677
26 -0.2380709062 2.1064439007 -0.2313560491
27 -1.4375735079 2.1064439007 -0.1909515784
28 0.2549543780 2.1064439007 0.2467129274
29 -0.9284668547 2.1064439007 -0.5562094700
30 -0.7393508135 2.1064439007 -0.5463108570
31 -1.0547010592 2.1064439007 -0.5204820598
32 -0.4994688483 2.1064439007 -0.4384522782
33 -1.3360503260 2.1064439007 -0.3107599083
34 0.0614722378 2.1064439007 0.0613561276
35 -1.2411062459 2.1064439007 -0.4018079190
36 -0.1269331292 2.1064439007 -0.1259119269
37 -1.4053438064 2.1064439007 -0.2314582819
38 0.1947604620 2.1064439007 0.1910783316
39 -1.0410958507 2.1064439007 -0.5260395885
40 -0.5260725266 2.1064439007 -0.4549400927
41 -1.3128891817 2.1064439007 -0.3348622014
42 0.0159866985 2.1064439007 0.0159846557
43 -1.2935111154 2.1064439007 -0.3540929390
44 -0.0223445042 2.1064439007 -0.0223389264
45 -1.3313634932 2.1064439007 -0.3157350864
46 0.0522998028 2.1064439007 0.0522282921
47 -1.2523274345 2.1064439007 -0.3921197631
48 -0.1044497379 2.1064439007 -0.1038804956
49 -1.3930445503 2.1064439007 -0.2463142679
50 0.1714597691 2.1064439007 0.1689456116
51 -1.0810078219 2.1064439007 -0.5085485291
52 -0.4476529127 2.1064439007 -0.4035436672
53 -1.3747380167 2.1064439007 -0.2678053979
54 0.1364729825 2.1064439007 0.1352040577
55 -1.1370237269 2.1064439007 -0.4778876521
56 -0.3360594662 2.1064439007 -0.3172607902
57 -1.4276029216 2.1064439007 -0.2037254449
58 0.2364734655 2.1064439007 0.2298924562
59 -0.9644955139 2.1064439007 -0.5495999410
60 -0.6726880211 2.1064439007 -0.5261426752
61 -1.1482232386 2.1064439007 -0.4708961778
62 -0.3136049574 2.1064439007 -0.2983097100
63 -1.4329786568 2.1064439007 -0.1968651958
64 0.2464539017 2.1064439007 0.2390069635
65 -0.9451969491 2.1064439007 -0.5534914928
66 -0.7086043826 2.1064439007 -0.5380226503
67 -1.0991533795 2.1064439007 -0.4994008581
68 -0.4116645195 2.1064439007 -0.3772724435
69 -1.3964367628 2.1064439007 -0.2422502853
70 0.1779033171 2.1064439007 0.1750954509
71 -1.0701782143 2.1064439007 -0.5136511813
72 -0.4690394768 2.1064439007 -0.4183845663
73 -1.3598173490 2.1064439007 -0.2847692375
74 0.1077075176 2.1064439007 0.1070833687
75 -1.1795334051 2.1064439007 -0.4498223763
76 -0.2506940014 2.1064439007 -0.2428574296
77 -1.4382735095 2.1064439007 -0.1900466397
78 0.2562469028 2.1064439007 0.2478799335
79 -0.9258994299 2.1064439007 -0.5565730040
80 -0.7440355865 2.1064439007 -0.5474177882
81 -1.0477380671 2.1064439007 -0.5233785103
82 -0.5131021991 2.1064439007 -0.4470279189
83 -1.3244547460 2.1064439007 -0.3229783870
84 0.0387485658 2.1064439007 0.0387194799
85 -1.2683016975 2.1064439007 -0.3778302402
86 -0.0725158584 2.1064439007 -0.0723252778
87 -1.3721903531 2.1064439007 -0.2707371354
88 0.1315766274 2.1064439007 0.1304393155
89 -1.1444862215 2.1064439007 -0.4732610574
90 -0.3211012247 2.1064439007 -0.3046892383
91 -1.4313853497 2.1064439007 -0.1989050657
92 0.2434997512 2.1064439007 0.2363165396
93 -0.9509480185 2.1064439007 -0.5524168255
94 -0.6979500550 2.1064439007 -0.5347422448
95 -1.1140383713 2.1064439007 -0.4913363042
96 -0.3820178199 2.1064439007 -0.3544797960
97 -1.4110234748 2.1064439007 -0.2244853064
98 0.2054614309 2.1064439007 0.2011399499
99 -1.0220726694 2.1064439007 -0.5331117656
100 -0.5630166173 2.1064439007 -0.4761143679
101 -1.2771560390 2.1064439007 -0.3696582639
102 -0.0548595084 2.1064439007 -0.0547769774
103 -1.3589481834 2.1064439007 -0.2857420720
104 0.1060253769 2.1064439007 0.1054299991
105 -1.1819197804 2.1064439007 -0.4481238009
106 -0.2458941706 2.1064439007 -0.2384976863
107 -1.4380774638 2.1064439007 -0.1903001884
108 0.2558849789 2.1064439007 0.2475532833
109 -0.9266189687 2.1064439007 -0.5564725544
110 -0.7427235687 2.1064439007 -0.5471119816
111 -1.0496930789 2.1064439007 -0.5225763209
112 -0.5092780523 2.1064439007 -0.4446489963
113 -1.3277656721 2.1064439007 -0.3195205955
114 0.0452472432 2.1064439007 0.0452009335
115 -1.2607309305 2.1064439007 -0.3846753749
116 -0.0876386125 2.1064439007 -0.0873022725
117 -1.3825624718 2.1064439007 -0.2587109510
118 0.1514698011 2.1064439007 0.1497355272
119 -1.1135905119 2.1064439007 -0.4915863362
120 -0.3829112868 2.1064439007 -0.3551811752
121 -1.4106279967 2.1064439007 -0.2249731377
122 0.2047175592 2.1064439007 0.2004427374
123 -1.0234091184 2.1064439007 -0.5326414409
124 -0.5604314684 2.1064439007 -0.4746999364
125 -1.2797885399 2.1064439007 -0.3671940936
126 -0.0496169083 2.1064439007 -0.0495558465
127 -1.3547810513 2.1064439007 -0.2903827116
128 0.0979509835 2.1064439007 0.0974814688
129 -1.1932211414 2.1064439007 -0.4399019048
130 -0.2231600169 2.1064439007 -0.2176263109
131 -1.4359775281 2.1064439007 -0.1930108254
132 0.2520050054 2.1064439007 0.2440452832
133 -0.9343021144 2.1064439007 -0.5553303037
134 -0.7286695201 2.1064439007 -0.5436319102
135 -1.0703912520 2.1064439007 -0.5135533701
136 -0.4686194852 2.1064439007 -0.4180988625
137 -1.3601246667 2.1064439007 -0.2844248595
138 0.1083021196 2.1064439007 0.1076675835
139 -1.1786872361 2.1064439007 -0.4504215191
140 -0.2523958492 2.1064439007 -0.2443991660
141 -1.4383223990 2.1064439007 -0.1899833972
142 0.2563371506 2.1064439007 0.2479613703
143 -0.9257199330 2.1064439007 -0.5565978883
144 -0.7443627717 2.1064439007 -0.5474935390
145 -1.0472499362 2.1064439007 -0.5235774571
146 -0.5140565591 2.1064439007 -0.4476183536
147 -1.3236214045 2.1064439007 -0.3238447875
148 0.0371116266 2.1064439007 0.0370860731
149 -1.2701825499 2.1064439007 -0.3761093275
150 -0.0687624177 2.1064439007 -0.0685999181
151 -1.3694774671 2.1064439007 -0.2738430807
152 0.1263556917 2.1064439007 0.1253483506
153 -1.1523411044 2.1064439007 -0.4682531714
154 -0.3053408585 2.1064439007 -0.2912171765
155 -1.4344999364 2.1064439007 -0.1949123812
156 0.2492713804 2.1064439007 0.2415670072
157 -0.9396816008 2.1064439007 -0.5544545438
158 -0.7187817135 2.1064439007 -0.5409612204
159 -1.0846824515 2.1064439007 -0.5067565775
160 -0.4403798638 2.1064439007 -0.3983631325
161 -1.3794707843 2.1064439007 -0.2623207396
162 0.1455515781 2.1064439007 0.1440125240
163 -1.1229417504 2.1064439007 -0.4862704915
164 -0.3642388282 2.1064439007 -0.3403430092
165 -1.4183164676 2.1064439007 -0.2154276393
166 0.2191451493 2.1064439007 0.2139039964
167 -0.9971145542 2.1064439007 -0.5411620598
168 -0.6109830304 2.1064439007 -0.5004467151
169 -1.2248229030 2.1064439007 -0.4153528573
170 -0.1596168164 2.1064439007 -0.1575878088
171 -1.4197304146 2.1064439007 -0.2136580561
172 0.2217905500 2.1064439007 0.2163578202
173 -0.9922079189 2.1064439007 -0.5425816048
174 -0.6203395952 2.1064439007 -0.5047585999
175 -1.2138620056 2.1064439007 -0.4241275402
176 -0.1816452085 2.1064439007 -0.1786567489
177 -1.4271067280 2.1064439007 -0.2043554845
178 0.2355503544 2.1064439007 0.2290458782
179 -0.9662616390 2.1064439007 -0.5492031086
180 -0.6693782156 2.1064439007 -0.5249315065
181 -1.1525841026 2.1064439007 -0.4680959895
182 -0.3048530692 2.1064439007 -0.2907966187
183 -1.4345819969 2.1064439007 -0.1948068997
184 0.2494232730 2.1064439007 0.2417048561
185 -0.9393834227 2.1064439007 -0.5545047279
186 -0.7193307930 2.1064439007 -0.5411143056
187 -1.0838948038 2.1064439007 -0.5071432637
188 -0.4419394919 2.1064439007 -0.3994796496
189 -1.3784705997 2.1064439007 -0.2634839803
190 0.1436348787 2.1064439007 0.1421557603
191 -1.1259413005 2.1064439007 -0.4845229656
192 -0.3582421849 2.1064439007 -0.3354990403
193 -1.4205273030 2.1064439007 -0.2126588041
194 0.2232803773 2.1064439007 0.2177377377
195 -0.9894330034 2.1064439007 -0.5433607843
196 -0.6256198717 2.1064439007 -0.5071276422
197 -1.2075708306 2.1064439007 -0.4290392016
198 -0.1942955410 2.1064439007 -0.1906396619
199 -1.4305035573 2.1064439007 -0.2000316235
200 0.2418633882 2.1064439007 0.2348235568
201 -0.9541196170 2.1064439007 -0.5517933291
202 -0.6920563926 2.1064439007 -0.5328387257
203 -1.1221544532 2.1064439007 -0.4867257552
204 -0.3658122234 2.1064439007 -0.3416077201
205 -1.4177155132 2.1064439007 -0.2161784189
206 0.2180200522 2.1064439007 0.2128589986
207 -0.9991933587 2.1064439007 -0.5405445177
208 -0.6070113592 2.1064439007 -0.4985726950
209 -1.2294027087 2.1064439007 -0.4116047741
210 -0.1504185404 2.1064439007 -0.1487200812
211 -1.4160985317 2.1064439007 -0.2181946005
212 0.2149905525 2.1064439007 0.2100411281
213 -1.0047671011 2.1064439007 -0.5388413285
214 -0.5963406787 2.1064439007 -0.4934100667
215 -1.2414898932 2.1064439007 -0.4014814529
216 -0.1261638353 2.1064439007 -0.1251610718
217 -1.4049554097 2.1064439007 -0.2319325243
218 0.1940273016 2.1064439007 0.1903865116
219 -1.0423832581 2.1064439007 -0.5255315810
220 -0.5235613326 2.1064439007 -0.4534272160
221 -1.3151687036 2.1064439007 -0.3325439404
222 0.0204802233 2.1064439007 0.0204759284
223 -1.2886956260 2.1064439007 -0.3587392625
224 -0.0319037124 2.1064439007 -0.0318874772
225 -1.3399039260 2.1064439007 -0.3066321004
226 0.0690010382 2.1064439007 0.0688368415
227 -1.2316495005 2.1064439007 -0.4097484042
228 -0.1459075035 2.1064439007 -0.1443571445
229 -1.4141981882 2.1064439007 -0.2205567667
230 0.2114260588 2.1064439007 0.2067181595
231 -1.0112807183 2.1064439007 -0.5367632640
232 -0.5838314794 2.1064439007 -0.4871237491
233 -1.2552515236 2.1064439007 -0.3895477562
234 -0.0985973315 2.1064439007 -0.0981184659
235 -1.3895204948 2.1064439007 -0.2505092114
236 0.1647523663 2.1064439007 0.1625214544
237 -1.0921117861 2.1064439007 -0.5030397619
238 -0.4256516368 2.1064439007 -0.3876706800
239 -1.3885175962 2.1064439007 -0.2516980029
240 0.1628410636 2.1064439007 0.1606867849
241 -1.0952442822 2.1064439007 -0.5014349304
242 -0.4194325796 2.1064439007 -0.3830762328
243 -1.3921200036 2.1064439007 -0.2474174871
244 0.1697013752 2.1064439007 0.1672636565
245 -1.0839355022 2.1064439007 -0.5071233179
246 -0.4418589134 2.1064439007 -0.3994220392
247 -1.3785224714 2.1064439007 -0.2634237068
248 0.1437343081 2.1064439007 0.1422521193
249 -1.1257860468 2.1064439007 -0.4846139213
250 -0.3585526458 2.1064439007 -0.3357507444
251 -1.4204159418 2.1064439007 -0.2127985281
252 0.2230722291 2.1064439007 0.2175450332
253 -0.9898211978 2.1064439007 -0.5432528081
254 -0.6248816876 2.1064439007 -0.5067992561
255 -1.2084548872 2.1064439007 -0.4283544921
256 -0.1925176466 2.1064439007 -0.1889610069
257 -1.4300630140 2.1064439007 -0.2005938166
258 0.2410454809 2.1064439007 0.2340765983
259 -0.9557011317 2.1064439007 -0.5514742186
260 -0.6891128030 2.1064439007 -0.5318644593
261 -1.1261762505 2.1064439007 -0.4843852147
262 -0.3577723387 2.1064439007 -0.3351179254
263 -1.4206951906 2.1064439007 -0.2124481054
264 0.2235941512 2.1064439007 0.2180281768
265 -0.9888475095 2.1064439007 -0.5435230080
266 -0.6267329308 2.1064439007 -0.5076210645
267 -1.2062350330 2.1064439007 -0.4300703804
268 -0.1969820367 2.1064439007 -0.1931727370
269 -1.4311464154 2.1064439007 -0.1992104901
270 0.2430564558 2.1064439007 0.2359122758
271 -0.9518082022 2.1064439007 -0.5522498930
272 -0.6963528629 2.1064439007 -0.5342326170
273 -1.1162461926 2.1064439007 -0.4900970133
274 -0.3776120465 2.1064439007 -0.3510084198
275 -1.4129331909 2.1064439007 -0.2221247881
276 0.2090508515 2.1064439007 0.2044994661
277 -1.0155943886 2.1064439007 -0.5353349517
278 -0.5755246290 2.1064439007 -0.4828115682
279 -1.2641434462 2.1064439007 -0.3816061723
280 -0.0808192521 2.1064439007 -0.0805554501
281 -1.3779960005 2.1064439007 -0.2640351723
282 0.1427250248 2.1064439007 0.1412738055
283 -1.1273602154 2.1064439007 -0.4836891339
284 -0.3554043808 2.1064439007 -0.3331936873
285 -1.4215294982 2.1064439007 -0.2114001347
286 0.2251529088 2.1064439007 0.2194700450
287 -0.9859334123 2.1064439007 -0.5443191340
288 -0.6322672883 2.1064439007 -0.5100434912
289 -1.1995435810 2.1064439007 -0.4351741593
290 -0.2104413376 2.1064439007 -0.2057987530
291 -1.4339543609 2.1064439007 -0.1956132973
292 0.2482613023 2.1064439007 0.2406498882
293 -0.9416622814 2.1064439007 -0.5541162936
294 -0.7151314093 2.1064439007 -0.5399292775
295 -1.0899008173 2.1064439007 -0.5041590206
296 -0.4300379703 2.1064439007 -0.3908829788
297 -1.3858988642 2.1064439007 -0.2547916090
298 0.1578452497 2.1064439007 0.1558829621
299 -1.1033657537 2.1064439007 -0.4971699591
300 -0.4032852021 2.1064439007 -0.3709323356
301 -1.4008641059 2.1064439007 -0.2369078990
302 0.1862936910 2.1064439007 0.1830703366
303 -1.0558385028 2.1064439007 -0.5199985021
304 -0.4972383191 2.1064439007 -0.4370243667
305 -1.3378921752 2.1064439007 -0.3087911773
306 0.0650721486 2.1064439007 0.0649344269
307 -1.2366121783 2.1064439007 -0.4056070162
308 -0.1359475163 2.1064439007 -0.1346931775
309 -1.4097240633 2.1064439007 -0.2260868686
310 0.2030166092 2.1064439007 0.1988472189
311 -1.0264571774 2.1064439007 -0.5315537911
312 -0.5545294827 2.1064439007 -0.4714322871
313 -1.2857249400 2.1064439007 -0.3615792277
314 -0.0378069481 2.1064439007 -0.0377799313
315 -1.3449988028 2.1064439007 -0.3011233257
316 0.0789364271 2.1064439007 0.0786906300
317 -1.2188303303 2.1064439007 -0.4201843789
318 -0.1716580704 2.1064439007 -0.1691351938
319 -1.4239930522 2.1064439007 -0.2082967833
320 0.2297505086 2.1064439007 0.2237134104
321 -0.9772849377 2.1064439007 -0.5465713688
322 -0.6486370626 2.1064439007 -0.5169039930
323 -1.1792731312 2.1064439007 -0.4500068425
324 -0.2512174800 2.1064439007 -0.2433318875
325 -1.4382896964 2.1064439007 -0.1900257013
326 0.2562767834 2.1064439007 0.2479068975
327 -0.9258400028 2.1064439007 -0.5565812503
328 -0.7441439146 2.1064439007 -0.5474428912
329 -1.0475764778 2.1064439007 -0.5234444285
330 -0.5134181479 2.1064439007 -0.4472235314
331 -1.3241791733 2.1064439007 -0.3232650658
332 0.0382073117 2.1064439007 0.0381794276
333 -1.2689247655 2.1064439007 -0.3772610513
334 -0.0712722955 2.1064439007 -0.0710913497
335 -1.3712976468 2.1064439007 -0.2717609961
336 0.1298594149 2.1064439007 0.1287660127
337 -1.1470814212 2.1064439007 -0.4716221487
338 -0.3158957536 2.1064439007 -0.3002647510
339 -1.4325132498 2.1064439007 -0.1974616162
340 0.2455913359 2.1064439007 0.2382220543
341 -0.9468795402 2.1064439007 -0.5531845292
342 -0.7054916440 2.1064439007 -0.5370857498
343 -1.1035302915 2.1064439007 -0.4970819971
344 -0.4029577254 2.1064439007 -0.3706828967
345 -1.4010322854 2.1064439007 -0.2367041064
346 0.1866119732 2.1064439007 0.1833721014
347 -1.0552892428 2.1064439007 -0.5202323723
348 -0.4983155376 2.1064439007 -0.4377148323
349 -1.3370046175 2.1064439007 -0.3097408324
350 0.0633377450 2.1064439007 0.0632107424
351 -1.2387837149 2.1064439007 -0.4037770760
352 -0.1315911189 2.1064439007 -0.1304534315
353 -1.4076465099 2.1064439007 -0.2286397944
354 0.1991035477 2.1064439007 0.1951701141
355 -1.0334275821 2.1064439007 -0.5289881865
356 -0.5410019626 2.1064439007 -0.4637431526
357 -1.2989414119 2.1064439007 -0.3487900460
358 -0.0115802867 2.1064439007 -0.0115795103
359 -1.3213167792 2.1064439007 -0.3262326543
360 0.0325820404 2.1064439007 0.0325647476
361 -1.2753322440 2.1064439007 -0.3713561582
362 -0.0584934698 2.1064439007 -0.0583934310
363 -1.3617734442 2.1064439007 -0.2825736403
364 0.1114907048 2.1064439007 0.1107984976
365 -1.1741261407 2.1064439007 -0.4536227274
366 -0.2615682944 2.1064439007 -0.2526712089
367 -1.4384004337 2.1064439007 -0.1898824423
368 0.2564811925 2.1064439007 0.2480913363
369 -0.9254333804 2.1064439007 -0.5566374704
370 -0.7448850036 2.1064439007 -0.5476140256
371 -1.0464703185 2.1064439007 -0.5238940899
372 -0.5155804296 2.1064439007 -0.4485584250
373 -1.3222849343 2.1064439007 -0.3252309946
374 0.0344853456 2.1064439007 0.0344648419
375 -1.2731781857 2.1064439007 -0.3733517287
376 -0.0627874323 2.1064439007 -0.0626637108
377 -1.3650451289 2.1064439007 -0.2788822293
378 0.1178103381 2.1064439007 0.1169937222
379 -1.1649694241 2.1064439007 -0.4599050377
380 -0.2799758344 2.1064439007 -0.2690741680
381 -1.4376172215 2.1064439007 -0.1908950981
382 0.2550351128 2.1064439007 0.2467858588
383 -0.9283066679 2.1064439007 -0.5562325674
384 -0.7396433729 2.1064439007 -0.5463812024
385 -1.0542676691 2.1064439007 -0.5206655363
386 -0.5003184765 2.1064439007 -0.4389943566
387 -1.3353446435 2.1064439007 -0.3115121765
388 0.0600922646 2.1064439007 0.0599837983
389 -1.2428155208 2.1064439007 -0.4003508060
390 -0.1235059776 2.1064439007 -0.1225652112
391 -1.4035958611 2.1064439007 -0.2335899481
392 0.1914595546 2.1064439007 0.1879611174
393 -1.0468760062 2.1064439007 -0.5237294956
394 -0.5147875161 2.1064439007 -0.4480696941
395 -1.3229812331 2.1064439007 -0.3245092874
396 0.0358537933 2.1064439007 0.0358307508
397 -1.2716206610 2.1064439007 -0.3747880507
398 -0.0658935283 2.1064439007 -0.0657505266
399 -1.3673667268 2.1064439007 -0.2762482687
400 0.1222886290 2.1064439007 0.1213753848
401 -1.1583867530 2.1064439007 -0.4643023067
402 -0.2932013345 2.1064439007 -0.2806885389
403 -1.4362850035 2.1064439007 -0.1926145294
404 0.2525734857 2.1064439007 0.2445599664
405 -0.9331799090 2.1064439007 -0.5555050958
406 -0.7307272931 2.1064439007 -0.5441647201
407 -1.0673887208 2.1064439007 -0.5149224137
408 -0.4745360349 2.1064439007 -0.4221020879
409 -1.3557429821 2.1064439007 -0.2893149349
410 0.0998162453 2.1064439007 0.0993194093
411 -1.1906329829 2.1064439007 -0.4418107481
412 -0.2283666708 2.1064439007 -0.2224376916
413 -1.4366297589 2.1064439007 -0.1921699398
414 0.2532107412 2.1064439007 0.2451366303
415 -0.9319205081 2.1064439007 -0.5556980139
416 -0.7330346038 2.1064439007 -0.5447526787
417 -1.0640105658 2.1064439007 -0.5164382981
418 -0.4811855193 2.1064439007 -0.4265453886
419 -1.3506843493 2.1064439007 -0.2949069354
420 0.0899979710 2.1064439007 0.0896337416
421 -1.2041041443 2.1064439007 -0.4317068454
422 -0.2012678556 2.1064439007 -0.1972050438
423 -1.4321151616 2.1064439007 -0.1979713928
424 0.2448533098 2.1064439007 0.2375500445
425 -0.9483169888 2.1064439007 -0.5529174080
426 -0.7028295189 2.1064439007 -0.5362703803
427 -1.1072551961 2.1064439007 -0.4950741228
428 -0.3955406861 2.1064439007 -0.3650003446
429 -1.4047433346 2.1064439007 -0.2321913330
430 0.1936269021 2.1064439007 0.1900085584
431 -1.0430854837 2.1064439007 -0.5252529110
432 -0.5221910229 2.1064439007 -0.4525978012
433 -1.3164044580 2.1064439007 -0.3312822595
434 0.0229147557 2.1064439007 0.0229087398
435 -1.2860535255 2.1064439007 -0.3612660909
436 -0.0371537707 2.1064439007 -0.0371281301
437 -1.3444417994 2.1064439007 -0.3017284244
438 0.0778512744 2.1064439007 0.0776154722
439 -1.2202492349 2.1064439007 -0.4190478389
440 -0.1688064650 2.1064439007 -0.1664070482
441 -1.4230338805 2.1064439007 -0.2095066353
442 0.2279613695 2.1064439007 0.2220638113
443 -0.9806599097 2.1064439007 -0.5457121076
444 -0.6422588728 2.1064439007 -0.5142854039
445 -1.1872555100 2.1064439007 -0.4442785731
446 -0.2351610910 2.1064439007 -0.2286887099
447 -1.4373276143 2.1064439007 -0.1912692087
448 0.2545001890 2.1064439007 0.2463025470
449 -0.9293675646 2.1064439007 -0.5560785651
450 -0.7377051302 2.1064439007 -0.5459121359
451 -1.0571353387 2.1064439007 -0.5194436141
452 -0.4946940664 2.1064439007 -0.4353871720
453 -1.3399739848 2.1064439007 -0.3065567467
454 0.0691378022 2.1064439007 0.0689726274
455 -1.2314756621 2.1064439007 -0.4098924486
456 -0.1462564929 2.1064439007 -0.1446949958
457 -1.4143480079 2.1064439007 -0.2203708256
458 0.2117072371 2.1064439007 0.2069805765
459 -1.0107686500 2.1064439007 -0.5369300578
460 -0.5848163892 2.1064439007 -0.4876277779
461 -1.2541841299 2.1064439007 -0.3904888980
462 -0.1007333291 2.1064439007 -0.1002226804
463 -1.3908221618 2.1064439007 -0.2489629468
464 0.1672314320 2.1064439007 0.1648984501
465 -1.0880278610 2.1064439007 -0.5050984575
466 -0.4337516129 2.1064439007 -0.3935842264
467 -1.3836315398 2.1064439007 -0.2574577839
468 0.1535139375 2.1064439007 0.1517085918
469 -1.1103292393 2.1064439007 -0.4933932217
470 -0.3894148271 2.1064439007 -0.3602598754
471 -1.4076662474 2.1064439007 -0.2286155855
472 0.1991407470 2.1064439007 0.1952051132
473 -1.0333615921 2.1064439007 -0.5290129871
474 -0.5411302260 2.1064439007 -0.4638173509
475 -1.2988186659 2.1064439007 -0.3489106536
476 -0.0118234134 2.1064439007 -0.0118225870
477 -1.3215487253 2.1064439007 -0.3259928746
478 0.0330380859 2.1064439007 0.0330200568
479 -1.2748174120 2.1064439007 -0.3718340749
480 -0.0595195615 2.1064439007 -0.0594141663
481 -1.3625618198 2.1064439007 -0.2816863143
482 0.1130144598 2.1064439007 0.1122935021
483 -1.1719325280 2.1064439007 -0.4551452882
484 -0.2659789823 2.1064439007 -0.2566260000
485 -1.4383268122 2.1064439007 -0.1899776882
486 0.2563452970 2.1064439007 0.2479687210
487 -0.9257037289 2.1064439007 -0.5566001314
488 -0.7443923060 2.1064439007 -0.5475003669
489 -1.0472058619 2.1064439007 -0.5235953939
490 -0.5141427210 2.1064439007 -0.4476715954
491 -1.3235460298 2.1064439007 -0.3239230749
492 0.0369635427 2.1064439007 0.0369382939
493 -1.2703521803 2.1064439007 -0.3759537241
494 -0.0684239757 2.1064439007 -0.0682638631
495 -1.3692301401 2.1064439007 -0.2741254245
496 0.1258793548 2.1064439007 0.1248833533
497 -1.1530524920 2.1064439007 -0.4677926321
498 -0.3039127984 2.1064439007 -0.2899853465
499 -1.4347377416 2.1064439007 -0.1946066635
500 0.2497115292 2.1064439007 0.2419664140
501 -0.9388173151 2.1064439007 -0.5545994747
502 -0.7203729261 2.1064439007 -0.5414033143
503 -1.0823979409 2.1064439007 -0.5078742416
504 -0.4449024424 2.1064439007 -0.4015923711
505 -1.3765483350 2.1064439007 -0.2657133691
506 0.1399482911 2.1064439007 0.1385800461
507 -1.1316707471 2.1064439007 -0.4811277462
508 -0.3467791106 2.1064439007 -0.3261361388
509 -1.4244012404 2.1064439007 -0.2077813045
510 0.2305115460 2.1064439007 0.2244144342
511 -0.9758456949 2.1064439007 -0.5469301578
512 -0.6513530887 2.1064439007 -0.5179977925
513 -1.1758415959 2.1064439007 -0.4524243439
514 -0.2581186986 2.1064439007 -0.2495677200
515 -1.4384077536 2.1064439007 -0.1898729718
516 0.2564947036 2.1064439007 0.2481035262
517 -0.9254064980 2.1064439007 -0.5566411746
518 -0.7449339899 2.1064439007 -0.5476253009
519 -1.0463971578 2.1064439007 -0.5239237330
520 -0.5157234081 2.1064439007 -0.4486464572
521 -1.3221591709 2.1064439007 -0.3253612302
522 0.0342381437 2.1064439007 0.0342180779
523 -1.2734587591 2.1064439007 -0.3730923995
524 -0.0622280118 2.1064439007 -0.0621075671
525 -1.3646229839 2.1064439007 -0.2793598773
526 0.1169954826 2.1064439007 0.1161956818
527 -1.1661588105 2.1064439007 -0.4590999017
528 -0.2775854568 2.1064439007 -0.2669594602
529 -1.4377895279 2.1064439007 -0.1906724285
530 0.2553533207 2.1064439007 0.2470732624
531 -0.9276750720 2.1064439007 -0.5563230982
532 -0.7407965514 2.1064439007 -0.5466569026
533 -1.0525575054 2.1064439007 -0.5213853955
534 -0.5036697615 2.1064439007 -0.4411226801
535 -1.3325390978 2.1064439007 -0.3144918151
536 0.0546021327 2.1064439007 0.0545207577
537 -1.2495418558 2.1064439007 -0.3945517140
538 -0.1100275296 2.1064439007 -0.1093622015
539 -1.3962791022 2.1064439007 -0.2424397322
540 0.1776041228 2.1064439007 0.1748103747
541 -1.0706845870 2.1064439007 -0.5134185239
542 -0.4680411435 2.1064439007 -0.4177050579
543 -1.3605469208 2.1064439007 -0.2839513398
544 0.1091189598 2.1064439007 0.1084699672
545 -1.1775225600 2.1064439007 -0.4512434941
546 -0.2547382025 2.1064439007 -0.2465176223
547 -1.4383720567 2.1064439007 -0.1899191557
548 0.2564288131 2.1064439007 0.2480440773
549 -0.9255375913 2.1064439007 -0.5566230960
550 -0.7446950962 2.1064439007 -0.5475702713
551 -1.0467538935 2.1064439007 -0.5237790778
552 -0.5150261979 2.1064439007 -0.4482169061
553 -1.3227718384 2.1064439007 -0.3247264385
554 0.0354423028 2.1064439007 0.0354200446
555 -1.2720897796 2.1064439007 -0.3743560212
556 -0.0649578761 2.1064439007 -0.0648208785
557 -1.3666713663 2.1064439007 -0.2770384516
558 0.1209478399 2.1064439007 0.1200642823
559 -1.1603657549 2.1064439007 -0.4629907836
560 -0.2892260170 2.1064439007 -0.2772129886
561 -1.4367527704 2.1064439007 -0.1920112441
562 0.2534380806 2.1064439007 0.2453422804
563 -0.9314708542 2.1064439007 -0.5557660625
564 -0.7338578779 2.1064439007 -0.5449600434
565 -1.0628022643 2.1064439007 -0.5169742237
566 -0.4835620148 2.1064439007 -0.4281189387
567 -1.3488421371 2.1064439007 -0.2969291091
568 0.0864168720 2.1064439007 0.0860943975
569 -1.2089239672 2.1064439007 -0.4279904562
570 -0.1915743241 2.1064439007 -0.1880696046
571 -1.4298243802 2.1064439007 -0.2008981690
572 0.2406023306 2.1064439007 0.2336716898
573 -0.9565569669 2.1064439007 -0.5512992537
574 -0.6875185824 2.1064439007 -0.5313302789
575 -1.1283455297 2.1064439007 -0.4831073968
576 -0.3534333520 2.1064439007 -0.3315875975
577 -1.4222088941 2.1064439007 -0.2105456224
578 0.2264215945 2.1064439007 0.2206423997
579 -0.9835548513 2.1064439007 -0.5449550289
580 -0.6367777004 2.1064439007 -0.5119794169
581 -1.1940293986 2.1064439007 -0.4393026356
582 -0.2215340299 2.1064439007 -0.2161200773
583 -1.4357529224 2.1064439007 -0.1933001831
584 0.2515896603 2.1064439007 0.2436690918
585 -0.9351212634 2.1064439007 -0.5552009947
586 -0.7271663824 2.1064439007 -0.5432376897
587 -1.0725783620 2.1064439007 -0.5125432562
588 -0.4643060132 2.1064439007 -0.4151511195
589 -1.3632479331 2.1064439007 -0.2809129536
590 0.1143400919 2.1064439007 0.1135934843
591 -1.1700167914 2.1064439007 -0.4564659325
592 -0.2698305086 2.1064439007 -0.2600669861
593 -1.4382036446 2.1064439007 -0.1901370066
594 0.2561179297 2.1064439007 0.2477635417
595 -0.9261558964 2.1064439007 -0.5565373285
596 -0.7435680243 2.1064439007 -0.5473091836
597 -1.0484352133 2.1064439007 -0.5230934435
598 -0.5117388674 2.1064439007 -0.4461822083
599 -1.3256403106 2.1064439007 -0.3217430830
600 0.0410765118 2.1064439007 0.0410418629
601 -1.2656087602 2.1064439007 -0.3802800963
602 -0.0778924489 2.1064439007 -0.0776562725
603 -1.3759803784 2.1064439007 -0.2663704938
604 0.1388583272 2.1064439007 0.1375217691
605 -1.1333546340 2.1064439007 -0.4801155899
606 -0.3434080093 2.1064439007 -0.3233573311
607 -1.4254520970 2.1064439007 -0.2064525585
608 0.2324698159 2.1064439007 0.2262164623
609 -0.9721322932 2.1064439007 -0.5478347998
610 -0.6583497485 2.1064439007 -0.5207565947
611 -1.1669133079 2.1064439007 -0.4585874719
612 -0.2760689950 2.1064439007 -0.2656154673
613 -1.4378879401 2.1064439007 -0.1905452226
614 0.2555350461 2.1064439007 0.2472373617
615 -0.9273142048 2.1064439007 -0.5563744374
616 -0.7414551811 2.1064439007 -0.5468132355
617 -1.0515794176 2.1064439007 -0.5217941322
618 -0.5055854670 2.1064439007 -0.4423322108
619 -1.3309195894 2.1064439007 -0.3162037290
620 0.0514301774 2.1064439007 0.0513621743
621 -1.2533741828 2.1064439007 -0.3912013024
622 -0.1023543988 2.1064439007 -0.1018187128
623 -1.3917981672 2.1064439007 -0.2478010755
624 0.1690890548 2.1064439007 0.1666775869
625 -1.0849522157 2.1064439007 -0.5066238155
626 -0.4398456186 2.1064439007 -0.3979799733
627 -1.3798115437 2.1064439007 -0.2619239190
628 0.1462043566 2.1064439007 0.1446445269
629 -1.1219169426 2.1064439007 -0.4868628198
630 -0.3662868366 2.1064439007 -0.3419887057
631 -1.4175325351 2.1064439007 -0.2164068583
632 0.2176773949 2.1064439007 0.2125405736
633 -0.9998255259 2.1064439007 -0.5403548182
634 -0.6058026881 2.1064439007 -0.4979972489
635 -1.2307877741 2.1064439007 -0.4104617598
636 -0.1476375258 2.1064439007 -0.1460314306
637 -1.4149362686 2.1064439007 -0.2196402591
638 0.2128110077 2.1064439007 0.2080102189
639 -1.0087556247 2.1064439007 -0.5375800817
640 -0.5886857715 2.1064439007 -0.4895929707
641 -1.2499639247 2.1064439007 -0.3941843698
642 -0.1091822280 2.1064439007 -0.1085321067
643 -1.3957966978 2.1064439007 -0.2430190535
644 0.1766884858 2.1064439007 0.1739376504
645 -1.0722321322 2.1064439007 -0.5127038851
646 -0.4649890627 2.1064439007 -0.4156195325
647 -1.3627573689 2.1064439007 -0.2814660062
648 0.1133923229 2.1064439007 0.1126641147
649 -1.1713871554 2.1064439007 -0.4555221085
650 -0.2670754796 2.1064439007 -0.2576068086
651 -1.4382973321 2.1064439007 -0.1900158240
652 0.2562908786 2.1064439007 0.2479196166
653 -0.9258119688 2.1064439007 -0.5565851377
654 -0.7441950154 2.1064439007 -0.5474547251
655 -1.0475002434 2.1064439007 -0.5234755069
656 -0.5135671988 2.1064439007 -0.4473157633
657 -1.3240490629 2.1064439007 -0.3234003601
658 0.0379517419 2.1064439007 0.0379244136
659 -1.2692185665 2.1064439007 -0.3769923484
660 -0.0706859632 2.1064439007 -0.0705094453
661 -1.3708746419 2.1064439007 -0.2722455268
662 0.1290454479 2.1064439007 0.1279724588
663 -1.1483075669 2.1064439007 -0.4708424429
664 -0.3134357592 2.1064439007 -0.2981651198
665 -1.4330122804 2.1064439007 -0.1968220888
666 0.2465162072 2.1064439007 0.2390636388
667 -0.9450753033 2.1064439007 -0.5535134466
668 -0.7088292813 2.1064439007 -0.5380896525
669 -1.0988362483 2.1064439007 -0.4995671741
670 -0.4122950055 2.1064439007 -0.3777461674
671 -1.3960940000 2.1064439007 -0.2426620831
672 0.1772528166 2.1064439007 0.1744755852
673 -1.0712787194 2.1064439007 -0.5131448029
674 -0.4668695749 2.1064439007 -0.4169059606
675 -1.3613989845 2.1064439007 -0.2829946116
676 0.1107667548 2.1064439007 0.1100879354
677 -1.1751651819 2.1064439007 -0.4528976812
678 -0.2594789276 2.1064439007 -0.2507925603
679 -1.4384101403 2.1064439007 -0.1898698837
680 0.2564991091 2.1064439007 0.2481075010
681 -0.9253977323 2.1064439007 -0.5566423822
682 -0.7449499629 2.1064439007 -0.5476289764
683 -1.0463733011 2.1064439007 -0.5239333965
684 -0.5157700305 2.1064439007 -0.4486751564
685 -1.3221181484 2.1064439007 -0.3254037037
686 0.0341575070 2.1064439007 0.0341375826
687 -1.2735502296 2.1064439007 -0.3730078159
688 -0.0620456410 2.1064439007 -0.0619262520
689 -1.3644850999 2.1064439007 -0.2795158038
690 0.1167292922 2.1064439007 0.1159349340
691 -1.1665467906 2.1064439007 -0.4588365617
692 -0.2768056669 2.1064439007 -0.2662685902
693 -1.4378411905 2.1064439007 -0.1906056530
694 0.2554487210 2.1064439007 0.2471594127
695 -0.9274856430 2.1064439007 -0.5563500825
696 -0.7411423066 2.1064439007 -0.5467390739
697 -1.0520441684 2.1064439007 -0.5216001852
698 -0.5046752850 2.1064439007 -0.4417581882
699 -1.3316904715 2.1064439007 -0.3153896009
700 0.0529402704 2.1064439007 0.0528661006
701 -1.2515546222 2.1064439007 -0.3927962498
702 -0.1059969535 2.1064439007 -0.1054020542
703 -1.3939539157 2.1064439007 -0.2452273171
704 0.1731883715 2.1064439007 0.1705975327
705 -1.0781181886 2.1064439007 -0.5099361107
706 -0.4533665796 2.1064439007 -0.4075664251
707 -1.3708979055 2.1064439007 -0.2722188898
708 0.1290902175 2.1064439007 0.1280161123
709 -1.1482401935 2.1064439007 -0.4708853753
710 -0.3135709388 2.1064439007 -0.2982806411
711 -1.4329854254 2.1064439007 -0.1968565184
712 0.2464664442 2.1064439007 0.2390183728
713 -0.9451724622 2.1064439007 -0.5534959147
714 -0.7086496555 2.1064439007 -0.5380361456
715 -1.0990895495 2.1064439007 -0.4994343515
716 -0.4117914236 2.1064439007 -0.3773678321
717 -1.3963678798 2.1064439007 -0.2423330628
718 0.1777726003 2.1064439007 0.1749709081
719 -1.0703994886 2.1064439007 -0.5135495864
720 -0.4686032467 2.1064439007 -0.4180878114
721 -1.3601365374 2.1064439007 -0.2844115531
722 0.1083250853 2.1064439007 0.1076901457
723 -1.1786545263 2.1064439007 -0.4504446468
724 -0.2524616354 2.1064439007 -0.2444587198
725 -1.4383240724 2.1064439007 -0.1899812325
726 0.2563402395 2.1064439007 0.2479641575
727 -0.9257137889 2.1064439007 -0.5565987389
728 -0.7443739703 2.1064439007 -0.5474961282
729 -1.0472332247 2.1064439007 -0.5235842586
730 -0.5140892290 2.1064439007 -0.4476385425
731 -1.3235928275 2.1064439007 -0.3238744704
732 0.0370554836 2.1064439007 0.0370300460
733 -1.2702468720 2.1064439007 -0.3760503321
734 -0.0686340827 2.1064439007 -0.0684724910
735 -1.3693837351 2.1064439007 -0.2739500995
736 0.1261751765 2.1064439007 0.1251721428
737 -1.1526107992 2.1064439007 -0.4680787127
738 -0.3047994782 2.1064439007 -0.2907504012
739 -1.4345909599 2.1064439007 -0.1947953778
740 0.2494398627 2.1064439007 0.2417199110
741 -0.9393508505 2.1064439007 -0.5545101982
742 -0.7193907659 2.1064439007 -0.5411309923
743 -1.0838087307 2.1064439007 -0.5071854348
744 -0.4421099040 2.1064439007 -0.3996014606
745 -1.3783608276 2.1064439007 -0.2636115125
746 0.1434244551 2.1064439007 0.1419518204
747 -1.1262697399 2.1064439007 -0.4843303668
748 -0.3575853759 2.1064439007 -0.3349662072
749 -1.4207617810 2.1064439007 -0.2123645173
750 0.2237185959 2.1064439007 0.2181433486
751 -0.9886151964 2.1064439007 -0.5435871650
752 -0.6271744697 2.1064439007 -0.5078162234
753 -1.2057042085 2.1064439007 -0.4304790155
754 -0.1980496448 2.1064439007 -0.1941782079
755 -1.4313942626 2.1064439007 -0.1988936701
756 0.2435162859 2.1064439007 0.2363316158
757 -0.9509159198 2.1064439007 -0.5524230235
758 -0.6980096378 2.1064439007 -0.5347611665
759 -1.1139558894 2.1064439007 -0.4913823868
760 -0.3821823754 2.1064439007 -0.3546090395
761 -1.4109508445 2.1064439007 -0.2245749233
762 0.2053248316 2.1064439007 0.2010119440
763 -1.0223182427 2.1064439007 -0.5330256431
764 -0.5625417158 2.1064439007 -0.4758553039
765 -1.2776411090 2.1064439007 -0.3692054002
766 -0.0538932515 2.1064439007 -0.0538150044
767 -1.3581882453 2.1064439007 -0.2865912641
768 0.1045540635 2.1064439007 0.1039831148
769 -1.1839980330 2.1064439007 -0.4466338764
770 -0.2417138129 2.1064439007 -0.2346869919
771 -1.4378366502 2.1064439007 -0.1906115216
772 0.2554403372 2.1064439007 0.2471518421
773 -0.9275022915 2.1064439007 -0.5563477141
774 -0.7411119210 2.1064439007 -0.5467318617
775 -1.0520892921 2.1064439007 -0.5215813284
776 -0.5045869046 2.1064439007 -0.4417023874
777 -1.3317651879 2.1064439007 -0.3153106216
778 0.0530866095 2.1064439007 0.0530118230
779 -1.2513778182 2.1064439007 -0.3929508240
780 -0.1063509527 2.1064439007 -0.1057500768
781 -1.3941606660 2.1064439007 -0.2449799361
782 0.1735812534 2.1064439007 0.1709727721
783 -1.0774598269 2.1064439007 -0.5102495974
784 -0.4546676440 2.1064439007 -0.4084766106
785 -1.3700085163 2.1064439007 -0.2732363834
786 0.1273782597 2.1064439007 0.1263462860
787 -1.1508109740 2.1064439007 -0.4692398129
788 -0.3084121111 2.1064439007 -0.2938602310
789 -1.4339634422 2.1064439007 -0.1956016355
790 0.2482781187 2.1064439007 0.2406651631
791 -0.9416293370 2.1064439007 -0.5541219893
792 -0.7151921665 2.1064439007 -0.5399466557
793 -1.0898142166 2.1064439007 -0.5042026339
794 -0.4302097227 2.1064439007 -0.3910082824
795 -1.3857950166 2.1064439007 -0.2549139741
796 0.1576469866 2.1064439007 0.1556920738
797 -1.1036860803 2.1064439007 -0.4969986554
798 -0.4026476498 2.1064439007 -0.3704465979
799 -1.4011911915 2.1064439007 -0.2365114935
800 0.1869126757 2.1064439007 0.1836571471
801 -1.0547699652 2.1064439007 -0.5204528493
802 -0.4993337506 2.1064439007 -0.4383659905
803 -1.3361623267 2.1064439007 -0.3106404106
804 0.0616912208 2.1064439007 0.0615738656
805 -1.2408343213 2.1064439007 -0.4020391099
806 -0.1274784191 2.1064439007 -0.1264440113
807 -1.4056177197 2.1064439007 -0.2311236269
808 0.1952774106 2.1064439007 0.1915659445
809 -1.0401868747 2.1064439007 -0.5263960200
810 -0.5278447524 2.1064439007 -0.4560022393
811 -1.3112688647 2.1064439007 -0.3365028872
812 0.0127905452 2.1064439007 0.0127894990
813 -1.2968879919 2.1064439007 -0.3508031820
814 -0.0156487064 2.1064439007 -0.0156467904
815 -1.3251675296 2.1064439007 -0.3222360803
816 0.0401482932 2.1064439007 0.0401159403
817 -1.2666850609 2.1064439007 -0.3793029392
818 -0.0757432037 2.1064439007 -0.0755260369
819 -1.3744789143 2.1064439007 -0.2681042226
820 0.1359753088 2.1064439007 0.1347202013
821 -1.1377864641 2.1064439007 -0.4774206300
822 -0.3345313224 2.1064439007 -0.3159863419
823 -1.4280260388 2.1064439007 -0.2031877691
824 0.2372603757 2.1064439007 0.2306136555
825 -0.9629874509 2.1064439007 -0.5499333744
826 -0.6755112411 2.1064439007 -0.5271604448
827 -1.1444816161 2.1064439007 -0.4732639520
828 -0.3211104606 2.1064439007 -0.3046970661
829 -1.4313832618 2.1064439007 -0.1989077352
830 0.2434958778 2.1064439007 0.2363130080
831 -0.9509555377 2.1064439007 -0.5524153733
832 -0.6979360975 2.1064439007 -0.5347378114
833 -1.1140576917 2.1064439007 -0.4913255076
834 -0.3819792744 2.1064439007 -0.3544495176
835 -1.4110404741 2.1064439007 -0.2244643295
836 0.2054934016 2.1064439007 0.2011699077
837 -1.0220151834 2.1064439007 -0.5331319063
838 -0.5631277785 2.1064439007 -0.4761749573
839 -1.2770424022 2.1064439007 -0.3697642780
840 -0.0550858881 2.1064439007 -0.0550023314
841 -1.3591256966 2.1064439007 -0.2855435237
842 0.1063689834 2.1064439007 0.1057678020
843 -1.1814332169 2.1064439007 -0.4484711898
844 -0.2468728478 2.1064439007 -0.2393879970
845 -1.4381244123 2.1064439007 -0.1902394769
846 0.2559716561 2.1064439007 0.2476315218
847 -0.9264466906 2.1064439007 -0.5564967065
848 -0.7430377686 2.1064439007 -0.5471855136
849 -1.0492252461 2.1064439007 -0.5227690693
850 -0.5101934349 2.1064439007 -0.4452203320
851 -1.3269772671 2.1064439007 -0.3203462212
852 0.0437004948 2.1064439007 0.0436587733
853 -1.2625478746 2.1064439007 -0.3830445405
854 -0.0840071882 2.1064439007 -0.0837109344
855 -1.3801533630 2.1064439007 -0.2615256044
856 0.1468590456 2.1064439007 0.1452781929
857 -1.1208874834 2.1064439007 -0.4874554165
858 -0.3683437373 2.1064439007 -0.3436370799
859 -1.4167304337 2.1064439007 -0.2174073773
860 0.2161748374 2.1064439007 0.2111433835
861 -1.0025923542 2.1064439007 -0.5395140973
862 -0.6005078667 2.1064439007 -0.4954482620
863 -1.2368073977 2.1064439007 -0.4054429487
864 -0.1355558323 2.1064439007 -0.1343122930
865 -1.4095402760 2.1064439007 -0.2263130920
866 0.2026706535 2.1064439007 0.1985224932
867 -1.0270757776 2.1064439007 -0.5313305112
868 -0.5533306730 2.1064439007 -0.4707620593
869 -1.2869181699 2.1064439007 -0.3604409223
870 -0.0354352561 2.1064439007 -0.0354130112
871 -1.3429683197 2.1064439007 -0.3033257671
872 0.0749793984 2.1064439007 0.0747687334
873 -1.2239821716 2.1064439007 -0.4160356732
874 -0.1613057952 2.1064439007 -0.1592117887
875 -1.4203619058 2.1064439007 -0.2128663170
876 0.2229712233 2.1064439007 0.2174515112
877 -0.9900095138 2.1064439007 -0.5432003077
878 -0.6245235305 2.1064439007 -0.5066395983
879 -1.2088832879 2.1064439007 -0.4280220459
880 -0.1916561294 2.1064439007 -0.1881469275
881 -1.4298452088 2.1064439007 -0.2008716091
882 0.2406410131 2.1064439007 0.2337070397
883 -0.9564822906 2.1064439007 -0.5513145841
884 -0.6876577231 2.1064439007 -0.5313770836
885 -1.1281564482 2.1064439007 -0.4832192044
886 -0.3538116180 2.1064439007 -0.3318961361
887 -1.4220795712 2.1064439007 -0.2107083567
888 0.2261801450 2.1064439007 0.2204193662
889 -0.9840079931 2.1064439007 -0.5448348484
890 -0.6359188976 2.1064439007 -0.5116134697
891 -1.1950835112 2.1064439007 -0.4385188242
892 -0.2194134594 2.1064439007 -0.2141530835
893 -1.4354450198 2.1064439007 -0.1936966733
894 0.2510201713 2.1064439007 0.2431530794
895 -0.9362433725 2.1064439007 -0.5550215035
896 -0.7251058460 2.1064439007 -0.5426904082
897 -1.0755680461 2.1064439007 -0.5111449116
898 -0.4584047141 2.1064439007 -0.4110788195
899 -1.3674231539 2.1064439007 -0.2761840995
900 0.1223974110 2.1064439007 0.1214817295
901 -1.1582258850 2.1064439007 -0.4644085218
902 -0.2935244466 2.1064439007 -0.2809704362
903 -1.4362444465 2.1064439007 -0.1926668140
904 0.2524985085 2.1064439007 0.2444920982
905 -0.9333279863 2.1064439007 -0.5554821876
906 -0.7304558634 2.1064439007 -0.5440948952
907 -1.0677853238 2.1064439007 -0.5147427490
908 -0.4737548641 2.1064439007 -0.4215762048
909 -1.3563279576 2.1064439007 -0.2886645766
910 0.1009501551 2.1064439007 0.1004362036
911 -1.1890529903 2.1064439007 -0.4429684691
912 -0.2315451491 2.1064439007 -0.2253658976
913 -1.4369778008 2.1064439007 -0.1917208499
914 0.2538539100 2.1064439007 0.2457183379
915 -0.9306478885 2.1064439007 -0.5558894749
916 -0.7353639354 2.1064439007 -0.5453360802
917 -1.0605878684 2.1064439007 -0.5179478081
918 -0.4879146619 2.1064439007 -0.4309810483
919 -1.3454214385 2.1064439007 -0.3006637310
920 0.0797596319 2.1064439007 0.0795060669
921 -1.2177508680 2.1064439007 -0.4210459280
922 -0.1738276856 2.1064439007 -0.1712080974
923 -1.4247019440 2.1064439007 -0.2074013292
924 0.2310720505 2.1064439007 0.2249304863
925 -0.9747843003 2.1064439007 -0.5471918289
926 -0.6533545521 2.1064439007 -0.5187956554
927 -1.1733005507 2.1064439007 -0.4541970575
928 -0.2632283641 2.1064439007 -0.2541614615
929 -1.4383811818 2.1064439007 -0.1899073501
930 0.2564456567 2.1064439007 0.2480592745
931 -0.9255040815 2.1064439007 -0.5566277208
932 -0.7447561639 2.1064439007 -0.5475843487
933 -1.0466627142 2.1064439007 -0.5238160780
934 -0.5152044097 2.1064439007 -0.4483267687
935 -1.3226153791 2.1064439007 -0.3248886285
936 0.0351348174 2.1064439007 0.0351131334
937 -1.2724398936 2.1064439007 -0.3740332599
938 -0.0642596399 2.1064439007 -0.0641270118
939 -1.3661502155 2.1064439007 -0.2776299602
940 0.1199426572 2.1064439007 0.1190809291
941 -1.1618448252 2.1064439007 -0.4620047010
942 -0.2862544888 2.1064439007 -0.2746062752
943 -1.4370646672 2.1064439007 -0.1916087222
944 0.2540144108 2.1064439007 0.2458634531
945 -0.9303300703 2.1064439007 -0.5559367436
946 -0.7359453064 2.1064439007 -0.5454800939
947 -1.0597316863 2.1064439007 -0.5183212631
948 -0.4895966594 2.1064439007 -0.4320801214
949 -1.3440834638 2.1064439007 -0.3021173320
950 0.0771530288 2.1064439007 0.0769235125
951 -1.2211597999 2.1064439007 -0.4183160415
952 -0.1669766414 2.1064439007 -0.1646542903
953 -1.4224019648 2.1064439007 -0.2103026029
954 0.2267820234 2.1064439007 0.2209752649
955 -0.9828780060 2.1064439007 -0.5451336941
956 -0.6380600473 2.1064439007 -0.5125235060
957 -1.1924517627 2.1064439007 -0.4404709529
958 -0.2247077939 2.1064439007 -0.2190584734
959 -1.4361820758 2.1064439007 -0.1927472128
960 0.2523832004 2.1064439007 0.2443877151
961 -0.9335556747 2.1064439007 -0.5554468708
962 -0.7300384465 2.1064439007 -0.5439872453
963 -1.0683949089 2.1064439007 -0.5144659063
964 -0.4725539873 2.1064439007 -0.4207661890
965 -1.3572234022 2.1064439007 -0.2876675616
966 0.1026852778 2.1064439007 0.1021443829
967 -1.1866255673 2.1064439007 -0.4447359528
968 -0.2364283093 2.1064439007 -0.2298510576
969 -1.4374386011 2.1064439007 -0.1911258590
970 0.2547052024 2.1064439007 0.2464878051
971 -0.9289610941 2.1064439007 -0.5561378564
972 -0.7384479292 2.1064439007 -0.5460927380
973 -1.0560373534 2.1064439007 -0.5199136650
974 -0.4968482751 2.1064439007 -0.4367739617
975 -1.3382126467 2.1064439007 -0.3084478478
976 0.0656982373 2.1064439007 0.0655565030
977 -1.2358253984 2.1064439007 -0.4062673599
978 -0.1375261874 2.1064439007 -0.1362276885
979 -1.4104587951 2.1064439007 -0.2251817468
980 0.2043992433 2.1064439007 0.2001442851
981 -1.0239803673 2.1064439007 -0.5324391856
982 -0.5593259864 2.1064439007 -0.4740919467
983 -1.2809082798 2.1064439007 -0.3661411568
984 -0.0473879564 2.1064439007 -0.0473347588
985 -1.3529766924 2.1064439007 -0.2923800124
986 0.0944499647 2.1064439007 0.0940289934
987 -1.1980423813 2.1064439007 -0.4363050345
988 -0.2134611718 2.1064439007 -0.2086163593
989 -1.4344900608 2.1064439007 -0.1949250744
990 0.2492531003 2.1064439007 0.2415504161
991 -0.9397174804 2.1064439007 -0.5544484922
992 -0.7187156352 2.1064439007 -0.5409427597
993 -1.0847771925 2.1064439007 -0.5067099704
994 -0.4401922420 2.1064439007 -0.3982286113
995 -1.3795905634 2.1064439007 -0.2621812841
996 0.1457810475 2.1064439007 0.1442347113
997 -1.1225816901 2.1064439007 -0.4864788765
998 -0.3649584293 2.1064439007 -0.3409217559
999 -1.4180426931 2.1064439007 -0.2157697674
