0 0.7557628633 2.1064439007 0.5500053277
1 0.5442556388 2.1064439007 0.4656177439
2 -0.0351889210 2.1064439007 -0.0351671367
3 -1.0433132794 2.1064439007 -0.5251622742
4 -0.6411892138 2.1064439007 -0.5138394167
5 -1.0632261840 2.1064439007 -0.5167865765
6 -0.6156667943 2.1064439007 -0.5026233232
7 -1.0811143090 2.1064439007 -0.5084970321
8 -0.5925579961 2.1064439007 -0.4915356233
9 -1.0961239904 2.1064439007 -0.5009802185
10 -0.5730528096 2.1064439007 -0.4815074288
11 -1.1078888186 2.1064439007 -0.4947294213
12 -0.5577006124 2.1064439007 -0.4731946217
13 -1.1165524811 2.1064439007 -0.4899242075
14 -0.5463636870 2.1064439007 -0.4668238079
15 -1.1226069167 2.1064439007 -0.4864642863
16 -0.5384268468 2.1064439007 -0.4622482967
17 -1.1266696924 2.1064439007 -0.4840954988
18 -0.5330948599 2.1064439007 -0.4591217568
19 -1.1293169971 2.1064439007 -0.4825316580
20 -0.5296180831 2.1064439007 -0.4570604477
21 -1.1310074531 2.1064439007 -0.4815246573
22 -0.5273969910 2.1064439007 -0.4557343162
23 -1.1320725485 2.1064439007 -0.4808868203
24 -0.5259971833 2.1064439007 -0.4548948357
25 -1.1327378534 2.1064439007 -0.4804870805
26 -0.5251226572 2.1064439007 -0.4543689210
27 -1.1331511607 2.1064439007 -0.4802382395
28 -0.5245793199 2.1064439007 -0.4540416123
29 -1.1334070384 2.1064439007 -0.4800839863
30 -0.5242429196 2.1064439007 -0.4538387480
31 -1.1335651130 2.1064439007 -0.4799886177
32 -0.5240350921 2.1064439007 -0.4537133365
33 -1.1336626379 2.1064439007 -0.4799297510
34 -0.5239068690 2.1064439007 -0.4536359301
35 -1.1337227569 2.1064439007 -0.4798934519
36 -0.5238278249 2.1064439007 -0.4535882005
37 -1.1337597984 2.1064439007 -0.4798710826
38 -0.5237791226 2.1064439007 -0.4535587877
39 -1.1337826138 2.1064439007 -0.4798573028
40 -0.5237491245 2.1064439007 -0.4535406694
41 -1.1337966641 2.1064439007 -0.4798488163
42 -0.5237306509 2.1064439007 -0.4535295109
43 -1.1338053156 2.1064439007 -0.4798435904
44 -0.5237192757 2.1064439007 -0.4535226398
45 -1.1338106424 2.1064439007 -0.4798403728
46 -0.5237122720 2.1064439007 -0.4535184091
47 -1.1338139220 2.1064439007 -0.4798383917
48 -0.5237079599 2.1064439007 -0.4535158044
49 -1.1338159411 2.1064439007 -0.4798371720
50 -0.5237053051 2.1064439007 -0.4535142007
51 -1.1338171842 2.1064439007 -0.4798364211
52 -0.5237036707 2.1064439007 -0.4535132134
53 -1.1338179495 2.1064439007 -0.4798359588
54 -0.5237026644 2.1064439007 -0.4535126056
55 -1.1338184207 2.1064439007 -0.4798356742
56 -0.5237020450 2.1064439007 -0.4535122313
57 -1.1338187107 2.1064439007 -0.4798354990
58 -0.5237016636 2.1064439007 -0.4535120010
59 -1.1338188893 2.1064439007 -0.4798353911
60 -0.5237014288 2.1064439007 -0.4535118591
61 -1.1338189992 2.1064439007 -0.4798353247
62 -0.5237012843 2.1064439007 -0.4535117718
63 -1.1338190669 2.1064439007 -0.4798352838
64 -0.5237011953 2.1064439007 -0.4535117181
65 -1.1338191086 2.1064439007 -0.4798352587
66 -0.5237011405 2.1064439007 -0.4535116850
67 -1.1338191342 2.1064439007 -0.4798352432
68 -0.5237011068 2.1064439007 -0.4535116646
69 -1.1338191500 2.1064439007 -0.4798352336
70 -0.5237010860 2.1064439007 -0.4535116521
71 -1.1338191597 2.1064439007 -0.4798352278
72 -0.5237010732 2.1064439007 -0.4535116443
73 -1.1338191657 2.1064439007 -0.4798352242
74 -0.5237010654 2.1064439007 -0.4535116396
75 -1.1338191694 2.1064439007 -0.4798352219
76 -0.5237010605 2.1064439007 -0.4535116367
77 -1.1338191717 2.1064439007 -0.4798352206
78 -0.5237010575 2.1064439007 -0.4535116349
79 -1.1338191731 2.1064439007 -0.4798352197
80 -0.5237010557 2.1064439007 -0.4535116338
81 -1.1338191739 2.1064439007 -0.4798352192
82 -0.5237010546 2.1064439007 -0.4535116331
83 -1.1338191744 2.1064439007 -0.4798352189
84 -0.5237010539 2.1064439007 -0.4535116326
85 -1.1338191748 2.1064439007 -0.4798352187
86 -0.5237010534 2.1064439007 -0.4535116324
87 -1.1338191750 2.1064439007 -0.4798352186
88 -0.5237010532 2.1064439007 -0.4535116322
89 -1.1338191751 2.1064439007 -0.4798352185
90 -0.5237010530 2.1064439007 -0.4535116321
91 -1.1338191752 2.1064439007 -0.4798352184
92 -0.5237010529 2.1064439007 -0.4535116321
93 -1.1338191752 2.1064439007 -0.4798352184
94 -0.5237010529 2.1064439007 -0.4535116320
95 -1.1338191752 2.1064439007 -0.4798352184
96 -0.5237010528 2.1064439007 -0.4535116320
97 -1.1338191753 2.1064439007 -0.4798352184
98 -0.5237010528 2.1064439007 -0.4535116320
99 -1.1338191753 2.1064439007 -0.4798352184
100 -0.5237010528 2.1064439007 -0.4535116320
101 -1.1338191753 2.1064439007 -0.4798352184
102 -0.5237010528 2.1064439007 -0.4535116320
103 -1.1338191753 2.1064439007 -0.4798352184
104 -0.5237010528 2.1064439007 -0.4535116320
105 -1.1338191753 2.1064439007 -0.4798352184
106 -0.5237010528 2.1064439007 -0.4535116320
107 -1.1338191753 2.1064439007 -0.4798352184
108 -0.5237010528 2.1064439007 -0.4535116320
109 -1.1338191753 2.1064439007 -0.4798352184
110 -0.5237010528 2.1064439007 -0.4535116320
111 -1.1338191753 2.1064439007 -0.4798352184
112 -0.5237010528 2.1064439007 -0.4535116320
113 -1.1338191753 2.1064439007 -0.4798352184
114 -0.5237010528 2.1064439007 -0.4535116320
115 -1.1338191753 2.1064439007 -0.4798352184
116 -0.5237010528 2.1064439007 -0.4535116320
117 -1.1338191753 2.1064439007 -0.4798352184
118 -0.5237010528 2.1064439007 -0.4535116320
119 -1.1338191753 2.1064439007 -0.4798352184
120 -0.5237010528 2.1064439007 -0.4535116320
121 -1.1338191753 2.1064439007 -0.4798352184
122 -0.5237010528 2.1064439007 -0.4535116320
123 -1.1338191753 2.1064439007 -0.4798352184
124 -0.5237010528 2.1064439007 -0.4535116320
125 -1.1338191753 2.1064439007 -0.4798352184
126 -0.5237010528 2.1064439007 -0.4535116320
127 -1.1338191753 2.1064439007 -0.4798352184
128 -0.5237010528 2.1064439007 -0.4535116320
129 -1.1338191753 2.1064439007 -0.4798352184
130 -0.5237010528 2.1064439007 -0.4535116320
131 -1.1338191753 2.1064439007 -0.4798352184
132 -0.5237010528 2.1064439007 -0.4535116320
133 -1.1338191753 2.1064439007 -0.4798352184
134 -0.5237010528 2.1064439007 -0.4535116320
135 -1.1338191753 2.1064439007 -0.4798352184
136 -0.5237010528 2.1064439007 -0.4535116320
137 -1.1338191753 2.1064439007 -0.4798352184
138 -0.5237010528 2.1064439007 -0.4535116320
139 -1.1338191753 2.1064439007 -0.4798352184
140 -0.5237010528 2.1064439007 -0.4535116320
141 -1.1338191753 2.1064439007 -0.4798352184
142 -0.5237010528 2.1064439007 -0.4535116320
143 -1.1338191753 2.1064439007 -0.4798352184
144 -0.5237010528 2.1064439007 -0.4535116320
145 -1.1338191753 2.1064439007 -0.4798352184
146 -0.5237010528 2.1064439007 -0.4535116320
147 -1.1338191753 2.1064439007 -0.4798352184
148 -0.5237010528 2.1064439007 -0.4535116320
149 -1.1338191753 2.1064439007 -0.4798352184
150 -0.5237010528 2.1064439007 -0.4535116320
151 -1.1338191753 2.1064439007 -0.4798352184
152 -0.5237010528 2.1064439007 -0.4535116320
153 -1.1338191753 2.1064439007 -0.4798352184
154 -0.5237010528 2.1064439007 -0.4535116320
155 -1.1338191753 2.1064439007 -0.4798352184
156 -0.5237010528 2.1064439007 -0.4535116320
157 -1.1338191753 2.1064439007 -0.4798352184
158 -0.5237010528 2.1064439007 -0.4535116320
159 -1.1338191753 2.1064439007 -0.4798352184
160 -0.5237010528 2.1064439007 -0.4535116320
161 -1.1338191753 2.1064439007 -0.4798352184
162 -0.5237010528 2.1064439007 -0.4535116320
163 -1.1338191753 2.1064439007 -0.4798352184
164 -0.5237010528 2.1064439007 -0.4535116320
165 -1.1338191753 2.1064439007 -0.4798352184
166 -0.5237010528 2.1064439007 -0.4535116320
167 -1.1338191753 2.1064439007 -0.4798352184
168 -0.5237010528 2.1064439007 -0.4535116320
169 -1.1338191753 2.1064439007 -0.4798352184
170 -0.5237010528 2.1064439007 -0.4535116320
171 -1.1338191753 2.1064439007 -0.4798352184
172 -0.5237010528 2.1064439007 -0.4535116320
173 -1.1338191753 2.1064439007 -0.4798352184
174 -0.5237010528 2.1064439007 -0.4535116320
175 -1.1338191753 2.1064439007 -0.4798352184
176 -0.5237010528 2.1064439007 -0.4535116320
177 -1.1338191753 2.1064439007 -0.4798352184
178 -0.5237010528 2.1064439007 -0.4535116320
179 -1.1338191753 2.1064439007 -0.4798352184
180 -0.5237010528 2.1064439007 -0.4535116320
181 -1.1338191753 2.1064439007 -0.4798352184
182 -0.5237010528 2.1064439007 -0.4535116320
183 -1.1338191753 2.1064439007 -0.4798352184
184 -0.5237010528 2.1064439007 -0.4535116320
185 -1.1338191753 2.1064439007 -0.4798352184
186 -0.5237010528 2.1064439007 -0.4535116320
187 -1.1338191753 2.1064439007 -0.4798352184
188 -0.5237010528 2.1064439007 -0.4535116320
189 -1.1338191753 2.1064439007 -0.4798352184
190 -0.5237010528 2.1064439007 -0.4535116320
191 -1.1338191753 2.1064439007 -0.4798352184
192 -0.5237010528 2.1064439007 -0.4535116320
193 -1.1338191753 2.1064439007 -0.4798352184
194 -0.5237010528 2.1064439007 -0.4535116320
195 -1.1338191753 2.1064439007 -0.4798352184
196 -0.5237010528 2.1064439007 -0.4535116320
197 -1.1338191753 2.1064439007 -0.4798352184
198 -0.5237010528 2.1064439007 -0.4535116320
199 -1.1338191753 2.1064439007 -0.4798352184
200 -0.5237010528 2.1064439007 -0.4535116320
201 -1.1338191753 2.1064439007 -0.4798352184
202 -0.5237010528 2.1064439007 -0.4535116320
203 -1.1338191753 2.1064439007 -0.4798352184
204 -0.5237010528 2.1064439007 -0.4535116320
205 -1.1338191753 2.1064439007 -0.4798352184
206 -0.5237010528 2.1064439007 -0.4535116320
207 -1.1338191753 2.1064439007 -0.4798352184
208 -0.5237010528 2.1064439007 -0.4535116320
209 -1.1338191753 2.1064439007 -0.4798352184
210 -0.5237010528 2.1064439007 -0.4535116320
211 -1.1338191753 2.1064439007 -0.4798352184
212 -0.5237010528 2.1064439007 -0.4535116320
213 -1.1338191753 2.1064439007 -0.4798352184
214 -0.5237010528 2.1064439007 -0.4535116320
215 -1.1338191753 2.1064439007 -0.4798352184
216 -0.5237010528 2.1064439007 -0.4535116320
217 -1.1338191753 2.1064439007 -0.4798352184
218 -0.5237010528 2.1064439007 -0.4535116320
219 -1.1338191753 2.1064439007 -0.4798352184
220 -0.5237010528 2.1064439007 -0.4535116320
221 -1.1338191753 2.1064439007 -0.4798352184
222 -0.5237010528 2.1064439007 -0.4535116320
223 -1.1338191753 2.1064439007 -0.4798352184
224 -0.5237010528 2.1064439007 -0.4535116320
225 -1.1338191753 2.1064439007 -0.4798352184
226 -0.5237010528 2.1064439007 -0.4535116320
227 -1.1338191753 2.1064439007 -0.4798352184
228 -0.5237010528 2.1064439007 -0.4535116320
229 -1.1338191753 2.1064439007 -0.4798352184
230 -0.5237010528 2.1064439007 -0.4535116320
231 -1.1338191753 2.1064439007 -0.4798352184
232 -0.5237010528 2.1064439007 -0.4535116320
233 -1.1338191753 2.1064439007 -0.4798352184
234 -0.5237010528 2.1064439007 -0.4535116320
235 -1.1338191753 2.1064439007 -0.4798352184
236 -0.5237010528 2.1064439007 -0.4535116320
237 -1.1338191753 2.1064439007 -0.4798352184
238 -0.5237010528 2.1064439007 -0.4535116320
239 -1.1338191753 2.1064439007 -0.4798352184
240 -0.5237010528 2.1064439007 -0.4535116320
241 -1.1338191753 2.1064439007 -0.4798352184
242 -0.5237010528 2.1064439007 -0.4535116320
243 -1.1338191753 2.1064439007 -0.4798352184
244 -0.5237010528 2.1064439007 -0.4535116320
245 -1.1338191753 2.1064439007 -0.4798352184
246 -0.5237010528 2.1064439007 -0.4535116320
247 -1.1338191753 2.1064439007 -0.4798352184
248 -0.5237010528 2.1064439007 -0.4535116320
249 -1.1338191753 2.1064439007 -0.4798352184
250 -0.5237010528 2.1064439007 -0.4535116320
251 -1.1338191753 2.1064439007 -0.4798352184
252 -0.5237010528 2.1064439007 -0.4535116320
253 -1.1338191753 2.1064439007 -0.4798352184
254 -0.5237010528 2.1064439007 -0.4535116320
255 -1.1338191753 2.1064439007 -0.4798352184
256 -0.5237010528 2.1064439007 -0.4535116320
257 -1.1338191753 2.1064439007 -0.4798352184
258 -0.5237010528 2.1064439007 -0.4535116320
259 -1.1338191753 2.1064439007 -0.4798352184
260 -0.5237010528 2.1064439007 -0.4535116320
261 -1.1338191753 2.1064439007 -0.4798352184
262 -0.5237010528 2.1064439007 -0.4535116320
263 -1.1338191753 2.1064439007 -0.4798352184
264 -0.5237010528 2.1064439007 -0.4535116320
265 -1.1338191753 2.1064439007 -0.4798352184
266 -0.5237010528 2.1064439007 -0.4535116320
267 -1.1338191753 2.1064439007 -0.4798352184
268 -0.5237010528 2.1064439007 -0.4535116320
269 -1.1338191753 2.1064439007 -0.4798352184
270 -0.5237010528 2.1064439007 -0.4535116320
271 -1.1338191753 2.1064439007 -0.4798352184
272 -0.5237010528 2.1064439007 -0.4535116320
273 -1.1338191753 2.1064439007 -0.4798352184
274 -0.5237010528 2.1064439007 -0.4535116320
275 -1.1338191753 2.1064439007 -0.4798352184
276 -0.5237010528 2.1064439007 -0.4535116320
277 -1.1338191753 2.1064439007 -0.4798352184
278 -0.5237010528 2.1064439007 -0.4535116320
279 -1.1338191753 2.1064439007 -0.4798352184
280 -0.5237010528 2.1064439007 -0.4535116320
281 -1.1338191753 2.1064439007 -0.4798352184
282 -0.5237010528 2.1064439007 -0.4535116320
283 -1.1338191753 2.1064439007 -0.4798352184
284 -0.5237010528 2.1064439007 -0.4535116320
285 -1.1338191753 2.1064439007 -0.4798352184
286 -0.5237010528 2.1064439007 -0.4535116320
287 -1.1338191753 2.1064439007 -0.4798352184
288 -0.5237010528 2.1064439007 -0.4535116320
289 -1.1338191753 2.1064439007 -0.4798352184
290 -0.5237010528 2.1064439007 -0.4535116320
291 -1.1338191753 2.1064439007 -0.4798352184
292 -0.5237010528 2.1064439007 -0.4535116320
293 -1.1338191753 2.1064439007 -0.4798352184
294 -0.5237010528 2.1064439007 -0.4535116320
295 -1.1338191753 2.1064439007 -0.4798352184
296 -0.5237010528 2.1064439007 -0.4535116320
297 -1.1338191753 2.1064439007 -0.4798352184
298 -0.5237010528 2.1064439007 -0.4535116320
299 -1.1338191753 2.1064439007 -0.4798352184
300 -0.5237010528 2.1064439007 -0.4535116320
301 -1.1338191753 2.1064439007 -0.4798352184
302 -0.5237010528 2.1064439007 -0.4535116320
303 -1.1338191753 2.1064439007 -0.4798352184
304 -0.5237010528 2.1064439007 -0.4535116320
305 -1.1338191753 2.1064439007 -0.4798352184
306 -0.5237010528 2.1064439007 -0.4535116320
307 -1.1338191753 2.1064439007 -0.4798352184
308 -0.5237010528 2.1064439007 -0.4535116320
309 -1.1338191753 2.1064439007 -0.4798352184
310 -0.5237010528 2.1064439007 -0.4535116320
311 -1.1338191753 2.1064439007 -0.4798352184
312 -0.5237010528 2.1064439007 -0.4535116320
313 -1.1338191753 2.1064439007 -0.4798352184
314 -0.5237010528 2.1064439007 -0.4535116320
315 -1.1338191753 2.1064439007 -0.4798352184
316 -0.5237010528 2.1064439007 -0.4535116320
317 -1.1338191753 2.1064439007 -0.4798352184
318 -0.5237010528 2.1064439007 -0.4535116320
319 -1.1338191753 2.1064439007 -0.4798352184
320 -0.5237010528 2.1064439007 -0.4535116320
321 -1.1338191753 2.1064439007 -0.4798352184
322 -0.5237010528 2.1064439007 -0.4535116320
323 -1.1338191753 2.1064439007 -0.4798352184
324 -0.5237010528 2.1064439007 -0.4535116320
325 -1.1338191753 2.1064439007 -0.4798352184
326 -0.5237010528 2.1064439007 -0.4535116320
327 -1.1338191753 2.1064439007 -0.4798352184
328 -0.5237010528 2.1064439007 -0.4535116320
329 -1.1338191753 2.1064439007 -0.4798352184
330 -0.5237010528 2.1064439007 -0.4535116320
331 -1.1338191753 2.1064439007 -0.4798352184
332 -0.5237010528 2.1064439007 -0.4535116320
333 -1.1338191753 2.1064439007 -0.4798352184
334 -0.5237010528 2.1064439007 -0.4535116320
335 -1.1338191753 2.1064439007 -0.4798352184
336 -0.5237010528 2.1064439007 -0.4535116320
337 -1.1338191753 2.1064439007 -0.4798352184
338 -0.5237010528 2.1064439007 -0.4535116320
339 -1.1338191753 2.1064439007 -0.4798352184
340 -0.5237010528 2.1064439007 -0.4535116320
341 -1.1338191753 2.1064439007 -0.4798352184
342 -0.5237010528 2.1064439007 -0.4535116320
343 -1.1338191753 2.1064439007 -0.4798352184
344 -0.5237010528 2.1064439007 -0.4535116320
345 -1.1338191753 2.1064439007 -0.4798352184
346 -0.5237010528 2.1064439007 -0.4535116320
347 -1.1338191753 2.1064439007 -0.4798352184
348 -0.5237010528 2.1064439007 -0.4535116320
349 -1.1338191753 2.1064439007 -0.4798352184
350 -0.5237010528 2.1064439007 -0.4535116320
351 -1.1338191753 2.1064439007 -0.4798352184
352 -0.5237010528 2.1064439007 -0.4535116320
353 -1.1338191753 2.1064439007 -0.4798352184
354 -0.5237010528 2.1064439007 -0.4535116320
355 -1.1338191753 2.1064439007 -0.4798352184
356 -0.5237010528 2.1064439007 -0.4535116320
357 -1.1338191753 2.1064439007 -0.4798352184
358 -0.5237010528 2.1064439007 -0.4535116320
359 -1.1338191753 2.1064439007 -0.4798352184
360 -0.5237010528 2.1064439007 -0.4535116320
361 -1.1338191753 2.1064439007 -0.4798352184
362 -0.5237010528 2.1064439007 -0.4535116320
363 -1.1338191753 2.1064439007 -0.4798352184
364 -0.5237010528 2.1064439007 -0.4535116320
365 -1.1338191753 2.1064439007 -0.4798352184
366 -0.5237010528 2.1064439007 -0.4535116320
367 -1.1338191753 2.1064439007 -0.4798352184
368 -0.5237010528 2.1064439007 -0.4535116320
369 -1.1338191753 2.1064439007 -0.4798352184
370 -0.5237010528 2.1064439007 -0.4535116320
371 -1.1338191753 2.1064439007 -0.4798352184
372 -0.5237010528 2.1064439007 -0.4535116320
373 -1.1338191753 2.1064439007 -0.4798352184
374 -0.5237010528 2.1064439007 -0.4535116320
375 -1.1338191753 2.1064439007 -0.4798352184
376 -0.5237010528 2.1064439007 -0.4535116320
377 -1.1338191753 2.1064439007 -0.4798352184
378 -0.5237010528 2.1064439007 -0.4535116320
379 -1.1338191753 2.1064439007 -0.4798352184
380 -0.5237010528 2.1064439007 -0.4535116320
381 -1.1338191753 2.1064439007 -0.4798352184
382 -0.5237010528 2.1064439007 -0.4535116320
383 -1.1338191753 2.1064439007 -0.4798352184
384 -0.5237010528 2.1064439007 -0.4535116320
385 -1.1338191753 2.1064439007 -0.4798352184
386 -0.5237010528 2.1064439007 -0.4535116320
387 -1.1338191753 2.1064439007 -0.4798352184
388 -0.5237010528 2.1064439007 -0.4535116320
389 -1.1338191753 2.1064439007 -0.4798352184
390 -0.5237010528 2.1064439007 -0.4535116320
391 -1.1338191753 2.1064439007 -0.4798352184
392 -0.5237010528 2.1064439007 -0.4535116320
393 -1.1338191753 2.1064439007 -0.4798352184
394 -0.5237010528 2.1064439007 -0.4535116320
395 -1.1338191753 2.1064439007 -0.4798352184
396 -0.5237010528 2.1064439007 -0.4535116320
397 -1.1338191753 2.1064439007 -0.4798352184
398 -0.5237010528 2.1064439007 -0.4535116320
399 -1.1338191753 2.1064439007 -0.4798352184
400 -0.5237010528 2.1064439007 -0.4535116320
401 -1.1338191753 2.1064439007 -0.4798352184
402 -0.5237010528 2.1064439007 -0.4535116320
403 -1.1338191753 2.1064439007 -0.4798352184
404 -0.5237010528 2.1064439007 -0.4535116320
405 -1.1338191753 2.1064439007 -0.4798352184
406 -0.5237010528 2.1064439007 -0.4535116320
407 -1.1338191753 2.1064439007 -0.4798352184
408 -0.5237010528 2.1064439007 -0.4535116320
409 -1.1338191753 2.1064439007 -0.4798352184
410 -0.5237010528 2.1064439007 -0.4535116320
411 -1.1338191753 2.1064439007 -0.4798352184
412 -0.5237010528 2.1064439007 -0.4535116320
413 -1.1338191753 2.1064439007 -0.4798352184
414 -0.5237010528 2.1064439007 -0.4535116320
415 -1.1338191753 2.1064439007 -0.4798352184
416 -0.5237010528 2.1064439007 -0.4535116320
417 -1.1338191753 2.1064439007 -0.4798352184
418 -0.5237010528 2.1064439007 -0.4535116320
419 -1.1338191753 2.1064439007 -0.4798352184
420 -0.5237010528 2.1064439007 -0.4535116320
421 -1.1338191753 2.1064439007 -0.4798352184
422 -0.5237010528 2.1064439007 -0.4535116320
423 -1.1338191753 2.1064439007 -0.4798352184
424 -0.5237010528 2.1064439007 -0.4535116320
425 -1.1338191753 2.1064439007 -0.4798352184
426 -0.5237010528 2.1064439007 -0.4535116320
427 -1.1338191753 2.1064439007 -0.4798352184
428 -0.5237010528 2.1064439007 -0.4535116320
429 -1.1338191753 2.1064439007 -0.4798352184
430 -0.5237010528 2.1064439007 -0.4535116320
431 -1.1338191753 2.1064439007 -0.4798352184
432 -0.5237010528 2.1064439007 -0.4535116320
433 -1.1338191753 2.1064439007 -0.4798352184
434 -0.5237010528 2.1064439007 -0.4535116320
435 -1.1338191753 2.1064439007 -0.4798352184
436 -0.5237010528 2.1064439007 -0.4535116320
437 -1.1338191753 2.1064439007 -0.4798352184
438 -0.5237010528 2.1064439007 -0.4535116320
439 -1.1338191753 2.1064439007 -0.4798352184
440 -0.5237010528 2.1064439007 -0.4535116320
441 -1.1338191753 2.1064439007 -0.4798352184
442 -0.5237010528 2.1064439007 -0.4535116320
443 -1.1338191753 2.1064439007 -0.4798352184
444 -0.5237010528 2.1064439007 -0.4535116320
445 -1.1338191753 2.1064439007 -0.4798352184
446 -0.5237010528 2.1064439007 -0.4535116320
447 -1.1338191753 2.1064439007 -0.4798352184
448 -0.5237010528 2.1064439007 -0.4535116320
449 -1.1338191753 2.1064439007 -0.4798352184
450 -0.5237010528 2.1064439007 -0.4535116320
451 -1.1338191753 2.1064439007 -0.4798352184
452 -0.5237010528 2.1064439007 -0.4535116320
453 -1.1338191753 2.1064439007 -0.4798352184
454 -0.5237010528 2.1064439007 -0.4535116320
455 -1.1338191753 2.1064439007 -0.4798352184
456 -0.5237010528 2.1064439007 -0.4535116320
457 -1.1338191753 2.1064439007 -0.4798352184
458 -0.5237010528 2.1064439007 -0.4535116320
459 -1.1338191753 2.1064439007 -0.4798352184
460 -0.5237010528 2.1064439007 -0.4535116320
461 -1.1338191753 2.1064439007 -0.4798352184
462 -0.5237010528 2.1064439007 -0.4535116320
463 -1.1338191753 2.1064439007 -0.4798352184
464 -0.5237010528 2.1064439007 -0.4535116320
465 -1.1338191753 2.1064439007 -0.4798352184
466 -0.5237010528 2.1064439007 -0.4535116320
467 -1.1338191753 2.1064439007 -0.4798352184
468 -0.5237010528 2.1064439007 -0.4535116320
469 -1.1338191753 2.1064439007 -0.4798352184
470 -0.5237010528 2.1064439007 -0.4535116320
471 -1.1338191753 2.1064439007 -0.4798352184
472 -0.5237010528 2.1064439007 -0.4535116320
473 -1.1338191753 2.1064439007 -0.4798352184
474 -0.5237010528 2.1064439007 -0.4535116320
475 -1.1338191753 2.1064439007 -0.4798352184
476 -0.5237010528 2.1064439007 -0.4535116320
477 -1.1338191753 2.1064439007 -0.4798352184
478 -0.5237010528 2.1064439007 -0.4535116320
479 -1.1338191753 2.1064439007 -0.4798352184
480 -0.5237010528 2.1064439007 -0.4535116320
481 -1.1338191753 2.1064439007 -0.4798352184
482 -0.5237010528 2.1064439007 -0.4535116320
483 -1.1338191753 2.1064439007 -0.4798352184
484 -0.5237010528 2.1064439007 -0.4535116320
485 -1.1338191753 2.1064439007 -0.4798352184
486 -0.5237010528 2.1064439007 -0.4535116320
487 -1.1338191753 2.1064439007 -0.4798352184
488 -0.5237010528 2.1064439007 -0.4535116320
489 -1.1338191753 2.1064439007 -0.4798352184
490 -0.5237010528 2.1064439007 -0.4535116320
491 -1.1338191753 2.1064439007 -0.4798352184
492 -0.5237010528 2.1064439007 -0.4535116320
493 -1.1338191753 2.1064439007 -0.4798352184
494 -0.5237010528 2.1064439007 -0.4535116320
495 -1.1338191753 2.1064439007 -0.4798352184
496 -0.5237010528 2.1064439007 -0.4535116320
497 -1.1338191753 2.1064439007 -0.4798352184
498 -0.5237010528 2.1064439007 -0.4535116320
499 -1.1338191753 2.1064439007 -0.4798352184
500 -0.5237010528 2.1064439007 -0.4535116320
501 -1.1338191753 2.1064439007 -0.4798352184
502 -0.5237010528 2.1064439007 -0.4535116320
503 -1.1338191753 2.1064439007 -0.4798352184
504 -0.5237010528 2.1064439007 -0.4535116320
505 -1.1338191753 2.1064439007 -0.4798352184
506 -0.5237010528 2.1064439007 -0.4535116320
507 -1.1338191753 2.1064439007 -0.4798352184
508 -0.5237010528 2.1064439007 -0.4535116320
509 -1.1338191753 2.1064439007 -0.4798352184
510 -0.5237010528 2.1064439007 -0.4535116320
511 -1.1338191753 2.1064439007 -0.4798352184
512 -0.5237010528 2.1064439007 -0.4535116320
513 -1.1338191753 2.1064439007 -0.4798352184
514 -0.5237010528 2.1064439007 -0.4535116320
515 -1.1338191753 2.1064439007 -0.4798352184
516 -0.5237010528 2.1064439007 -0.4535116320
517 -1.1338191753 2.1064439007 -0.4798352184
518 -0.5237010528 2.1064439007 -0.4535116320
519 -1.1338191753 2.1064439007 -0.4798352184
520 -0.5237010528 2.1064439007 -0.4535116320
521 -1.1338191753 2.1064439007 -0.4798352184
522 -0.5237010528 2.1064439007 -0.4535116320
523 -1.1338191753 2.1064439007 -0.4798352184
524 -0.5237010528 2.1064439007 -0.4535116320
525 -1.1338191753 2.1064439007 -0.4798352184
526 -0.5237010528 2.1064439007 -0.4535116320
527 -1.1338191753 2.1064439007 -0.4798352184
528 -0.5237010528 2.1064439007 -0.4535116320
529 -1.1338191753 2.1064439007 -0.4798352184
530 -0.5237010528 2.1064439007 -0.4535116320
531 -1.1338191753 2.1064439007 -0.4798352184
532 -0.5237010528 2.1064439007 -0.4535116320
533 -1.1338191753 2.1064439007 -0.4798352184
534 -0.5237010528 2.1064439007 -0.4535116320
535 -1.1338191753 2.1064439007 -0.4798352184
536 -0.5237010528 2.1064439007 -0.4535116320
537 -1.1338191753 2.1064439007 -0.4798352184
538 -0.5237010528 2.1064439007 -0.4535116320
539 -1.1338191753 2.1064439007 -0.4798352184
540 -0.5237010528 2.1064439007 -0.4535116320
541 -1.1338191753 2.1064439007 -0.4798352184
542 -0.5237010528 2.1064439007 -0.4535116320
543 -1.1338191753 2.1064439007 -0.4798352184
544 -0.5237010528 2.1064439007 -0.4535116320
545 -1.1338191753 2.1064439007 -0.4798352184
546 -0.5237010528 2.1064439007 -0.4535116320
547 -1.1338191753 2.1064439007 -0.4798352184
548 -0.5237010528 2.1064439007 -0.4535116320
549 -1.1338191753 2.1064439007 -0.4798352184
550 -0.5237010528 2.1064439007 -0.4535116320
551 -1.1338191753 2.1064439007 -0.4798352184
552 -0.5237010528 2.1064439007 -0.4535116320
553 -1.1338191753 2.1064439007 -0.4798352184
554 -0.5237010528 2.1064439007 -0.4535116320
555 -1.1338191753 2.1064439007 -0.4798352184
556 -0.5237010528 2.1064439007 -0.4535116320
557 -1.1338191753 2.1064439007 -0.4798352184
558 -0.5237010528 2.1064439007 -0.4535116320
559 -1.1338191753 2.1064439007 -0.4798352184
560 -0.5237010528 2.1064439007 -0.4535116320
561 -1.1338191753 2.1064439007 -0.4798352184
562 -0.5237010528 2.1064439007 -0.4535116320
563 -1.1338191753 2.1064439007 -0.4798352184
564 -0.5237010528 2.1064439007 -0.4535116320
565 -1.1338191753 2.1064439007 -0.4798352184
566 -0.5237010528 2.1064439007 -0.4535116320
567 -1.1338191753 2.1064439007 -0.4798352184
568 -0.5237010528 2.1064439007 -0.4535116320
569 -1.1338191753 2.1064439007 -0.4798352184
570 -0.5237010528 2.1064439007 -0.4535116320
571 -1.1338191753 2.1064439007 -0.4798352184
572 -0.5237010528 2.1064439007 -0.4535116320
573 -1.1338191753 2.1064439007 -0.4798352184
574 -0.5237010528 2.1064439007 -0.4535116320
575 -1.1338191753 2.1064439007 -0.4798352184
576 -0.5237010528 2.1064439007 -0.4535116320
577 -1.1338191753 2.1064439007 -0.4798352184
578 -0.5237010528 2.1064439007 -0.4535116320
579 -1.1338191753 2.1064439007 -0.4798352184
580 -0.5237010528 2.1064439007 -0.4535116320
581 -1.1338191753 2.1064439007 -0.4798352184
582 -0.5237010528 2.1064439007 -0.4535116320
583 -1.1338191753 2.1064439007 -0.4798352184
584 -0.5237010528 2.1064439007 -0.4535116320
585 -1.1338191753 2.1064439007 -0.4798352184
586 -0.5237010528 2.1064439007 -0.4535116320
587 -1.1338191753 2.1064439007 -0.4798352184
588 -0.5237010528 2.1064439007 -0.4535116320
589 -1.1338191753 2.1064439007 -0.4798352184
590 -0.5237010528 2.1064439007 -0.4535116320
591 -1.1338191753 2.1064439007 -0.4798352184
592 -0.5237010528 2.1064439007 -0.4535116320
593 -1.1338191753 2.1064439007 -0.4798352184
594 -0.5237010528 2.1064439007 -0.4535116320
595 -1.1338191753 2.1064439007 -0.4798352184
596 -0.5237010528 2.1064439007 -0.4535116320
597 -1.1338191753 2.1064439007 -0.4798352184
598 -0.5237010528 2.1064439007 -0.4535116320
599 -1.1338191753 2.1064439007 -0.4798352184
600 -0.5237010528 2.1064439007 -0.4535116320
601 -1.1338191753 2.1064439007 -0.4798352184
602 -0.5237010528 2.1064439007 -0.4535116320
603 -1.1338191753 2.1064439007 -0.4798352184
604 -0.5237010528 2.1064439007 -0.4535116320
605 -1.1338191753 2.1064439007 -0.4798352184
606 -0.5237010528 2.1064439007 -0.4535116320
607 -1.1338191753 2.1064439007 -0.4798352184
608 -0.5237010528 2.1064439007 -0.4535116320
609 -1.1338191753 2.1064439007 -0.4798352184
610 -0.5237010528 2.1064439007 -0.4535116320
611 -1.1338191753 2.1064439007 -0.4798352184
612 -0.5237010528 2.1064439007 -0.4535116320
613 -1.1338191753 2.1064439007 -0.4798352184
614 -0.5237010528 2.1064439007 -0.4535116320
615 -1.1338191753 2.1064439007 -0.4798352184
616 -0.5237010528 2.1064439007 -0.4535116320
617 -1.1338191753 2.1064439007 -0.4798352184
618 -0.5237010528 2.1064439007 -0.4535116320
619 -1.1338191753 2.1064439007 -0.4798352184
620 -0.5237010528 2.1064439007 -0.4535116320
621 -1.1338191753 2.1064439007 -0.4798352184
622 -0.5237010528 2.1064439007 -0.4535116320
623 -1.1338191753 2.1064439007 -0.4798352184
624 -0.5237010528 2.1064439007 -0.4535116320
625 -1.1338191753 2.1064439007 -0.4798352184
626 -0.5237010528 2.1064439007 -0.4535116320
627 -1.1338191753 2.1064439007 -0.4798352184
628 -0.5237010528 2.1064439007 -0.4535116320
629 -1.1338191753 2.1064439007 -0.4798352184
630 -0.5237010528 2.1064439007 -0.4535116320
631 -1.1338191753 2.1064439007 -0.4798352184
632 -0.5237010528 2.1064439007 -0.4535116320
633 -1.1338191753 2.1064439007 -0.4798352184
634 -0.5237010528 2.1064439007 -0.4535116320
635 -1.1338191753 2.1064439007 -0.4798352184
636 -0.5237010528 2.1064439007 -0.4535116320
637 -1.1338191753 2.1064439007 -0.4798352184
638 -0.5237010528 2.1064439007 -0.4535116320
639 -1.1338191753 2.1064439007 -0.4798352184
640 -0.5237010528 2.1064439007 -0.4535116320
641 -1.1338191753 2.1064439007 -0.4798352184
642 -0.5237010528 2.1064439007 -0.4535116320
643 -1.1338191753 2.1064439007 -0.4798352184
644 -0.5237010528 2.1064439007 -0.4535116320
645 -1.1338191753 2.1064439007 -0.4798352184
646 -0.5237010528 2.1064439007 -0.4535116320
647 -1.1338191753 2.1064439007 -0.4798352184
648 -0.5237010528 2.1064439007 -0.4535116320
649 -1.1338191753 2.1064439007 -0.4798352184
650 -0.5237010528 2.1064439007 -0.4535116320
651 -1.1338191753 2.1064439007 -0.4798352184
652 -0.5237010528 2.1064439007 -0.4535116320
653 -1.1338191753 2.1064439007 -0.4798352184
654 -0.5237010528 2.1064439007 -0.4535116320
655 -1.1338191753 2.1064439007 -0.4798352184
656 -0.5237010528 2.1064439007 -0.4535116320
657 -1.1338191753 2.1064439007 -0.4798352184
658 -0.5237010528 2.1064439007 -0.4535116320
659 -1.1338191753 2.1064439007 -0.4798352184
660 -0.5237010528 2.1064439007 -0.4535116320
661 -1.1338191753 2.1064439007 -0.4798352184
662 -0.5237010528 2.1064439007 -0.4535116320
663 -1.1338191753 2.1064439007 -0.4798352184
664 -0.5237010528 2.1064439007 -0.4535116320
665 -1.1338191753 2.1064439007 -0.4798352184
666 -0.5237010528 2.1064439007 -0.4535116320
667 -1.1338191753 2.1064439007 -0.4798352184
668 -0.5237010528 2.1064439007 -0.4535116320
669 -1.1338191753 2.1064439007 -0.4798352184
670 -0.5237010528 2.1064439007 -0.4535116320
671 -1.1338191753 2.1064439007 -0.4798352184
672 -0.5237010528 2.1064439007 -0.4535116320
673 -1.1338191753 2.1064439007 -0.4798352184
674 -0.5237010528 2.1064439007 -0.4535116320
675 -1.1338191753 2.1064439007 -0.4798352184
676 -0.5237010528 2.1064439007 -0.4535116320
677 -1.1338191753 2.1064439007 -0.4798352184
678 -0.5237010528 2.1064439007 -0.4535116320
679 -1.1338191753 2.1064439007 -0.4798352184
680 -0.5237010528 2.1064439007 -0.4535116320
681 -1.1338191753 2.1064439007 -0.4798352184
682 -0.5237010528 2.1064439007 -0.4535116320
683 -1.1338191753 2.1064439007 -0.4798352184
684 -0.5237010528 2.1064439007 -0.4535116320
685 -1.1338191753 2.1064439007 -0.4798352184
686 -0.5237010528 2.1064439007 -0.4535116320
687 -1.1338191753 2.1064439007 -0.4798352184
688 -0.5237010528 2.1064439007 -0.4535116320
689 -1.1338191753 2.1064439007 -0.4798352184
690 -0.5237010528 2.1064439007 -0.4535116320
691 -1.1338191753 2.1064439007 -0.4798352184
692 -0.5237010528 2.1064439007 -0.4535116320
693 -1.1338191753 2.1064439007 -0.4798352184
694 -0.5237010528 2.1064439007 -0.4535116320
695 -1.1338191753 2.1064439007 -0.4798352184
696 -0.5237010528 2.1064439007 -0.4535116320
697 -1.1338191753 2.1064439007 -0.4798352184
698 -0.5237010528 2.1064439007 -0.4535116320
699 -1.1338191753 2.1064439007 -0.4798352184
700 -0.5237010528 2.1064439007 -0.4535116320
701 -1.1338191753 2.1064439007 -0.4798352184
702 -0.5237010528 2.1064439007 -0.4535116320
703 -1.1338191753 2.1064439007 -0.4798352184
704 -0.5237010528 2.1064439007 -0.4535116320
705 -1.1338191753 2.1064439007 -0.4798352184
706 -0.5237010528 2.1064439007 -0.4535116320
707 -1.1338191753 2.1064439007 -0.4798352184
708 -0.5237010528 2.1064439007 -0.4535116320
709 -1.1338191753 2.1064439007 -0.4798352184
710 -0.5237010528 2.1064439007 -0.4535116320
711 -1.1338191753 2.1064439007 -0.4798352184
712 -0.5237010528 2.1064439007 -0.4535116320
713 -1.1338191753 2.1064439007 -0.4798352184
714 -0.5237010528 2.1064439007 -0.4535116320
715 -1.1338191753 2.1064439007 -0.4798352184
716 -0.5237010528 2.1064439007 -0.4535116320
717 -1.1338191753 2.1064439007 -0.4798352184
718 -0.5237010528 2.1064439007 -0.4535116320
719 -1.1338191753 2.1064439007 -0.4798352184
720 -0.5237010528 2.1064439007 -0.4535116320
721 -1.1338191753 2.1064439007 -0.4798352184
722 -0.5237010528 2.1064439007 -0.4535116320
723 -1.1338191753 2.1064439007 -0.4798352184
724 -0.5237010528 2.1064439007 -0.4535116320
725 -1.1338191753 2.1064439007 -0.4798352184
726 -0.5237010528 2.1064439007 -0.4535116320
727 -1.1338191753 2.1064439007 -0.4798352184
728 -0.5237010528 2.1064439007 -0.4535116320
729 -1.1338191753 2.1064439007 -0.4798352184
730 -0.5237010528 2.1064439007 -0.4535116320
731 -1.1338191753 2.1064439007 -0.4798352184
732 -0.5237010528 2.1064439007 -0.4535116320
733 -1.1338191753 2.1064439007 -0.4798352184
734 -0.5237010528 2.1064439007 -0.4535116320
735 -1.1338191753 2.1064439007 -0.4798352184
736 -0.5237010528 2.1064439007 -0.4535116320
737 -1.1338191753 2.1064439007 -0.4798352184
738 -0.5237010528 2.1064439007 -0.4535116320
739 -1.1338191753 2.1064439007 -0.4798352184
740 -0.5237010528 2.1064439007 -0.4535116320
741 -1.1338191753 2.1064439007 -0.4798352184
742 -0.5237010528 2.1064439007 -0.4535116320
743 -1.1338191753 2.1064439007 -0.4798352184
744 -0.5237010528 2.1064439007 -0.4535116320
745 -1.1338191753 2.1064439007 -0.4798352184
746 -0.5237010528 2.1064439007 -0.4535116320
747 -1.1338191753 2.1064439007 -0.4798352184
748 -0.5237010528 2.1064439007 -0.4535116320
749 -1.1338191753 2.1064439007 -0.4798352184
750 -0.5237010528 2.1064439007 -0.4535116320
751 -1.1338191753 2.1064439007 -0.4798352184
752 -0.5237010528 2.1064439007 -0.4535116320
753 -1.1338191753 2.1064439007 -0.4798352184
754 -0.5237010528 2.1064439007 -0.4535116320
755 -1.1338191753 2.1064439007 -0.4798352184
756 -0.5237010528 2.1064439007 -0.4535116320
757 -1.1338191753 2.1064439007 -0.4798352184
758 -0.5237010528 2.1064439007 -0.4535116320
759 -1.1338191753 2.1064439007 -0.4798352184
760 -0.5237010528 2.1064439007 -0.4535116320
761 -1.1338191753 2.1064439007 -0.4798352184
762 -0.5237010528 2.1064439007 -0.4535116320
763 -1.1338191753 2.1064439007 -0.4798352184
764 -0.5237010528 2.1064439007 -0.4535116320
765 -1.1338191753 2.1064439007 -0.4798352184
766 -0.5237010528 2.1064439007 -0.4535116320
767 -1.1338191753 2.1064439007 -0.4798352184
768 -0.5237010528 2.1064439007 -0.4535116320
769 -1.1338191753 2.1064439007 -0.4798352184
770 -0.5237010528 2.1064439007 -0.4535116320
771 -1.1338191753 2.1064439007 -0.4798352184
772 -0.5237010528 2.1064439007 -0.4535116320
773 -1.1338191753 2.1064439007 -0.4798352184
774 -0.5237010528 2.1064439007 -0.4535116320
775 -1.1338191753 2.1064439007 -0.4798352184
776 -0.5237010528 2.1064439007 -0.4535116320
777 -1.1338191753 2.1064439007 -0.4798352184
778 -0.5237010528 2.1064439007 -0.4535116320
779 -1.1338191753 2.1064439007 -0.4798352184
780 -0.5237010528 2.1064439007 -0.4535116320
781 -1.1338191753 2.1064439007 -0.4798352184
782 -0.5237010528 2.1064439007 -0.4535116320
783 -1.1338191753 2.1064439007 -0.4798352184
784 -0.5237010528 2.1064439007 -0.4535116320
785 -1.1338191753 2.1064439007 -0.4798352184
786 -0.5237010528 2.1064439007 -0.4535116320
787 -1.1338191753 2.1064439007 -0.4798352184
788 -0.5237010528 2.1064439007 -0.4535116320
789 -1.1338191753 2.1064439007 -0.4798352184
790 -0.5237010528 2.1064439007 -0.4535116320
791 -1.1338191753 2.1064439007 -0.4798352184
792 -0.5237010528 2.1064439007 -0.4535116320
793 -1.1338191753 2.1064439007 -0.4798352184
794 -0.5237010528 2.1064439007 -0.4535116320
795 -1.1338191753 2.1064439007 -0.4798352184
796 -0.5237010528 2.1064439007 -0.4535116320
797 -1.1338191753 2.1064439007 -0.4798352184
798 -0.5237010528 2.1064439007 -0.4535116320
799 -1.1338191753 2.1064439007 -0.4798352184
800 -0.5237010528 2.1064439007 -0.4535116320
801 -1.1338191753 2.1064439007 -0.4798352184
802 -0.5237010528 2.1064439007 -0.4535116320
803 -1.1338191753 2.1064439007 -0.4798352184
804 -0.5237010528 2.1064439007 -0.4535116320
805 -1.1338191753 2.1064439007 -0.4798352184
806 -0.5237010528 2.1064439007 -0.4535116320
807 -1.1338191753 2.1064439007 -0.4798352184
808 -0.5237010528 2.1064439007 -0.4535116320
809 -1.1338191753 2.1064439007 -0.4798352184
810 -0.5237010528 2.1064439007 -0.4535116320
811 -1.1338191753 2.1064439007 -0.4798352184
812 -0.5237010528 2.1064439007 -0.4535116320
813 -1.1338191753 2.1064439007 -0.4798352184
814 -0.5237010528 2.1064439007 -0.4535116320
815 -1.1338191753 2.1064439007 -0.4798352184
816 -0.5237010528 2.1064439007 -0.4535116320
817 -1.1338191753 2.1064439007 -0.4798352184
818 -0.5237010528 2.1064439007 -0.4535116320
819 -1.1338191753 2.1064439007 -0.4798352184
820 -0.5237010528 2.1064439007 -0.4535116320
821 -1.1338191753 2.1064439007 -0.4798352184
822 -0.5237010528 2.1064439007 -0.4535116320
823 -1.1338191753 2.1064439007 -0.4798352184
824 -0.5237010528 2.1064439007 -0.4535116320
825 -1.1338191753 2.1064439007 -0.4798352184
826 -0.5237010528 2.1064439007 -0.4535116320
827 -1.1338191753 2.1064439007 -0.4798352184
828 -0.5237010528 2.1064439007 -0.4535116320
829 -1.1338191753 2.1064439007 -0.4798352184
830 -0.5237010528 2.1064439007 -0.4535116320
831 -1.1338191753 2.1064439007 -0.4798352184
832 -0.5237010528 2.1064439007 -0.4535116320
833 -1.1338191753 2.1064439007 -0.4798352184
834 -0.5237010528 2.1064439007 -0.4535116320
835 -1.1338191753 2.1064439007 -0.4798352184
836 -0.5237010528 2.1064439007 -0.4535116320
837 -1.1338191753 2.1064439007 -0.4798352184
838 -0.5237010528 2.1064439007 -0.4535116320
839 -1.1338191753 2.1064439007 -0.4798352184
840 -0.5237010528 2.1064439007 -0.4535116320
841 -1.1338191753 2.1064439007 -0.4798352184
842 -0.5237010528 2.1064439007 -0.4535116320
843 -1.1338191753 2.1064439007 -0.4798352184
844 -0.5237010528 2.1064439007 -0.4535116320
845 -1.1338191753 2.1064439007 -0.4798352184
846 -0.5237010528 2.1064439007 -0.4535116320
847 -1.1338191753 2.1064439007 -0.4798352184
848 -0.5237010528 2.1064439007 -0.4535116320
849 -1.1338191753 2.1064439007 -0.4798352184
850 -0.5237010528 2.1064439007 -0.4535116320
851 -1.1338191753 2.1064439007 -0.4798352184
852 -0.5237010528 2.1064439007 -0.4535116320
853 -1.1338191753 2.1064439007 -0.4798352184
854 -0.5237010528 2.1064439007 -0.4535116320
855 -1.1338191753 2.1064439007 -0.4798352184
856 -0.5237010528 2.1064439007 -0.4535116320
857 -1.1338191753 2.1064439007 -0.4798352184
858 -0.5237010528 2.1064439007 -0.4535116320
859 -1.1338191753 2.1064439007 -0.4798352184
860 -0.5237010528 2.1064439007 -0.4535116320
861 -1.1338191753 2.1064439007 -0.4798352184
862 -0.5237010528 2.1064439007 -0.4535116320
863 -1.1338191753 2.1064439007 -0.4798352184
864 -0.5237010528 2.1064439007 -0.4535116320
865 -1.1338191753 2.1064439007 -0.4798352184
866 -0.5237010528 2.1064439007 -0.4535116320
867 -1.1338191753 2.1064439007 -0.4798352184
868 -0.5237010528 2.1064439007 -0.4535116320
869 -1.1338191753 2.1064439007 -0.4798352184
870 -0.5237010528 2.1064439007 -0.4535116320
871 -1.1338191753 2.1064439007 -0.4798352184
872 -0.5237010528 2.1064439007 -0.4535116320
873 -1.1338191753 2.1064439007 -0.4798352184
874 -0.5237010528 2.1064439007 -0.4535116320
875 -1.1338191753 2.1064439007 -0.4798352184
876 -0.5237010528 2.1064439007 -0.4535116320
877 -1.1338191753 2.1064439007 -0.4798352184
878 -0.5237010528 2.1064439007 -0.4535116320
879 -1.1338191753 2.1064439007 -0.4798352184
880 -0.5237010528 2.1064439007 -0.4535116320
881 -1.1338191753 2.1064439007 -0.4798352184
882 -0.5237010528 2.1064439007 -0.4535116320
883 -1.1338191753 2.1064439007 -0.4798352184
884 -0.5237010528 2.1064439007 -0.4535116320
885 -1.1338191753 2.1064439007 -0.4798352184
886 -0.5237010528 2.1064439007 -0.4535116320
887 -1.1338191753 2.1064439007 -0.4798352184
888 -0.5237010528 2.1064439007 -0.4535116320
889 -1.1338191753 2.1064439007 -0.4798352184
890 -0.5237010528 2.1064439007 -0.4535116320
891 -1.1338191753 2.1064439007 -0.4798352184
892 -0.5237010528 2.1064439007 -0.4535116320
893 -1.1338191753 2.1064439007 -0.4798352184
894 -0.5237010528 2.1064439007 -0.4535116320
895 -1.1338191753 2.1064439007 -0.4798352184
896 -0.5237010528 2.1064439007 -0.4535116320
897 -1.1338191753 2.1064439007 -0.4798352184
898 -0.5237010528 2.1064439007 -0.4535116320
899 -1.1338191753 2.1064439007 -0.4798352184
900 -0.5237010528 2.1064439007 -0.4535116320
901 -1.1338191753 2.1064439007 -0.4798352184
902 -0.5237010528 2.1064439007 -0.4535116320
903 -1.1338191753 2.1064439007 -0.4798352184
904 -0.5237010528 2.1064439007 -0.4535116320
905 -1.1338191753 2.1064439007 -0.4798352184
906 -0.5237010528 2.1064439007 -0.4535116320
907 -1.1338191753 2.1064439007 -0.4798352184
908 -0.5237010528 2.1064439007 -0.4535116320
909 -1.1338191753 2.1064439007 -0.4798352184
910 -0.5237010528 2.1064439007 -0.4535116320
911 -1.1338191753 2.1064439007 -0.4798352184
912 -0.5237010528 2.1064439007 -0.4535116320
913 -1.1338191753 2.1064439007 -0.4798352184
914 -0.5237010528 2.1064439007 -0.4535116320
915 -1.1338191753 2.1064439007 -0.4798352184
916 -0.5237010528 2.1064439007 -0.4535116320
917 -1.1338191753 2.1064439007 -0.4798352184
918 -0.5237010528 2.1064439007 -0.4535116320
919 -1.1338191753 2.1064439007 -0.4798352184
920 -0.5237010528 2.1064439007 -0.4535116320
921 -1.1338191753 2.1064439007 -0.4798352184
922 -0.5237010528 2.1064439007 -0.4535116320
923 -1.1338191753 2.1064439007 -0.4798352184
924 -0.5237010528 2.1064439007 -0.4535116320
925 -1.1338191753 2.1064439007 -0.4798352184
926 -0.5237010528 2.1064439007 -0.4535116320
927 -1.1338191753 2.1064439007 -0.4798352184
928 -0.5237010528 2.1064439007 -0.4535116320
929 -1.1338191753 2.1064439007 -0.4798352184
930 -0.5237010528 2.1064439007 -0.4535116320
931 -1.1338191753 2.1064439007 -0.4798352184
932 -0.5237010528 2.1064439007 -0.4535116320
933 -1.1338191753 2.1064439007 -0.4798352184
934 -0.5237010528 2.1064439007 -0.4535116320
935 -1.1338191753 2.1064439007 -0.4798352184
936 -0.5237010528 2.1064439007 -0.4535116320
937 -1.1338191753 2.1064439007 -0.4798352184
938 -0.5237010528 2.1064439007 -0.4535116320
939 -1.1338191753 2.1064439007 -0.4798352184
940 -0.5237010528 2.1064439007 -0.4535116320
941 -1.1338191753 2.1064439007 -0.4798352184
942 -0.5237010528 2.1064439007 -0.4535116320
943 -1.1338191753 2.1064439007 -0.4798352184
944 -0.5237010528 2.1064439007 -0.4535116320
945 -1.1338191753 2.1064439007 -0.4798352184
946 -0.5237010528 2.1064439007 -0.4535116320
947 -1.1338191753 2.1064439007 -0.4798352184
948 -0.5237010528 2.1064439007 -0.4535116320
949 -1.1338191753 2.1064439007 -0.4798352184
950 -0.5237010528 2.1064439007 -0.4535116320
951 -1.1338191753 2.1064439007 -0.4798352184
952 -0.5237010528 2.1064439007 -0.4535116320
953 -1.1338191753 2.1064439007 -0.4798352184
954 -0.5237010528 2.1064439007 -0.4535116320
955 -1.1338191753 2.1064439007 -0.4798352184
956 -0.5237010528 2.1064439007 -0.4535116320
957 -1.1338191753 2.1064439007 -0.4798352184
958 -0.5237010528 2.1064439007 -0.4535116320
959 -1.1338191753 2.1064439007 -0.4798352184
960 -0.5237010528 2.1064439007 -0.4535116320
961 -1.1338191753 2.1064439007 -0.4798352184
962 -0.5237010528 2.1064439007 -0.4535116320
963 -1.1338191753 2.1064439007 -0.4798352184
964 -0.5237010528 2.1064439007 -0.4535116320
965 -1.1338191753 2.1064439007 -0.4798352184
966 -0.5237010528 2.1064439007 -0.4535116320
967 -1.1338191753 2.1064439007 -0.4798352184
968 -0.5237010528 2.1064439007 -0.4535116320
969 -1.1338191753 2.1064439007 -0.4798352184
970 -0.5237010528 2.1064439007 -0.4535116320
971 -1.1338191753 2.1064439007 -0.4798352184
972 -0.5237010528 2.1064439007 -0.4535116320
973 -1.1338191753 2.1064439007 -0.4798352184
974 -0.5237010528 2.1064439007 -0.4535116320
975 -1.1338191753 2.1064439007 -0.4798352184
976 -0.5237010528 2.1064439007 -0.4535116320
977 -1.1338191753 2.1064439007 -0.4798352184
978 -0.5237010528 2.1064439007 -0.4535116320
979 -1.1338191753 2.1064439007 -0.4798352184
980 -0.5237010528 2.1064439007 -0.4535116320
981 -1.1338191753 2.1064439007 -0.4798352184
982 -0.5237010528 2.1064439007 -0.4535116320
983 -1.1338191753 2.1064439007 -0.4798352184
984 -0.5237010528 2.1064439007 -0.4535116320
985 -1.1338191753 2.1064439007 -0.4798352184
986 -0.5237010528 2.1064439007 -0.4535116320
987 -1.1338191753 2.1064439007 -0.4798352184
988 -0.5237010528 2.1064439007 -0.4535116320
989 -1.1338191753 2.1064439007 -0.4798352184
990 -0.5237010528 2.1064439007 -0.4535116320
991 -1.1338191753 2.1064439007 -0.4798352184
992 -0.5237010528 2.1064439007 -0.4535116320
993 -1.1338191753 2.1064439007 -0.4798352184
994 -0.5237010528 2.1064439007 -0.4535116320
995 -1.1338191753 2.1064439007 -0.4798352184
996 -0.5237010528 2.1064439007 -0.4535116320
997 -1.1338191753 2.1064439007 -0.4798352184
998 -0.5237010528 2.1064439007 -0.4535116320
999 -1.1338191753 2.1064439007 -0.4798352184
