-3.9538970934 2.7195992616
-4.1721175128 2.1460071320
-4.4784685286 1.0380775389
-4.8909390376 -0.8686448038
-5.3900177313 -3.3792578149
-5.8726280354 -5.3846041110
-6.1987064267 -6.1766004824
-6.3506535184 -6.3362050415
-6.4076117821 -6.3580745875
-6.4273165923 -6.3606721014
-6.4339623649 -6.3609668574
-6.4361855856 -6.3609998182
-6.4369273418 -6.3610034864
-6.4371746030 -6.3610038939
-6.4372570022 -6.3610039392
-6.4372844589 -6.3610039442
-6.4372936076 -6.3610039448
-6.4372966559 -6.3610039448
-6.4372976716 -6.3610039448
-6.4372980101 -6.3610039448
-6.4372981228 -6.3610039448
