0 0.7557628633 2.1064439007 0.5500053277
1 0.5023730200 2.1064439007 0.4403010182
2 -0.2654281562 2.1064439007 -0.2561329350
3 -1.3488046920 2.1064439007 -0.2969701331
4 -0.0232092876 2.1064439007 -0.0232030368
5 -1.2322316728 2.1064439007 -0.4092655045
6 -0.2277535326 2.1064439007 -0.2218720440
7 -1.3442830818 2.1064439007 -0.3019007189
8 -0.0309942532 2.1064439007 -0.0309793672
9 -1.2392509175 2.1064439007 -0.4033819529
10 -0.2152797201 2.1064439007 -0.2103103491
11 -1.3417031736 2.1064439007 -0.3046933626
12 -0.0354432257 2.1064439007 -0.0354209658
13 -1.2431635801 2.1064439007 -0.4000532731
14 -0.2083315163 2.1064439007 -0.2038268400
15 -1.3400307462 2.1064439007 -0.3064956872
16 -0.0383299714 2.1064439007 -0.0383018179
17 -1.2456639416 2.1064439007 -0.3979077120
18 -0.2038933459 2.1064439007 -0.1996698305
19 -1.3388740890 2.1064439007 -0.3077384949
20 -0.0403276814 2.1064439007 -0.0402948930
21 -1.2473765739 2.1064439007 -0.3964298286
22 -0.2008543688 2.1064439007 -0.1968164896
23 -1.3380422700 2.1064439007 -0.3086304056
24 -0.0417649644 2.1064439007 -0.0417285441
25 -1.2485998046 2.1064439007 -0.3953701479
26 -0.1986843059 2.1064439007 -0.1947756129
27 -1.3374284593 2.1064439007 -0.3092875584
28 -0.0428258831 2.1064439007 -0.0427866165
29 -1.2494979188 2.1064439007 -0.3945899308
30 -0.1970912830 2.1064439007 -0.1932756557
31 -1.3369673432 2.1064439007 -0.3097806758
32 -0.0436230645 2.1064439007 -0.0435815644
33 -1.2501700836 2.1064439007 -0.3940047926
34 -0.1958991882 2.1064439007 -0.1921522323
35 -1.3366164481 2.1064439007 -0.3101556016
36 -0.0442297994 2.1064439007 -0.0441865436
37 -1.2506801246 2.1064439007 -0.3935600966
38 -0.1949947101 2.1064439007 -0.1912993058
39 -1.3363468813 2.1064439007 -0.3104434407
40 -0.0446959700 2.1064439007 -0.0446513322
41 -1.2510710965 2.1064439007 -0.3932188113
42 -0.1943014343 2.1064439007 -0.1906452232
43 -1.3361383134 2.1064439007 -0.3106660337
44 -0.0450566897 2.1064439007 -0.0450109626
45 -1.2513730875 2.1064439007 -0.3929549589
46 -0.1937659715 2.1064439007 -0.1901398421
47 -1.3359760658 2.1064439007 -0.3108391237
48 -0.0453373200 2.1064439007 -0.0452907331
49 -1.2516077022 2.1064439007 -0.3927498296
50 -0.1933499928 2.1064439007 -0.1897471188
51 -1.3358493265 2.1064439007 -0.3109742913
52 -0.0455565469 2.1064439007 -0.0455092811
53 -1.2517907835 2.1064439007 -0.3925896695
54 -0.1930253958 2.1064439007 -0.1894405993
55 -1.3357500064 2.1064439007 -0.3110801910
56 -0.0457283539 2.1064439007 -0.0456805513
57 -1.2519341416 2.1064439007 -0.3924642058
58 -0.1927712337 2.1064439007 -0.1892005501
59 -1.3356719792 2.1064439007 -0.3111633715
60 -0.0458633327 2.1064439007 -0.0458151056
61 -1.2520466947 2.1064439007 -0.3923656689
62 -0.1925716906 2.1064439007 -0.1890120610
63 -1.3356105606 2.1064439007 -0.3112288368
64 -0.0459695833 2.1064439007 -0.0459210203
65 -1.2521352462 2.1064439007 -0.3922881243
66 -0.1924147022 2.1064439007 -0.1888637532
67 -1.3355621418 2.1064439007 -0.3112804399
68 -0.0460533472 2.1064439007 -0.0460045183
69 -1.2522050279 2.1064439007 -0.3922270037
70 -0.1922909914 2.1064439007 -0.1887468731
71 -1.3355239254 2.1064439007 -0.3113211658
72 -0.0461194621 2.1064439007 -0.0460704226
73 -1.2522600888 2.1064439007 -0.3921787691
74 -0.1921933792 2.1064439007 -0.1886546444
75 -1.3354937333 2.1064439007 -0.3113533381
76 -0.0461716956 2.1064439007 -0.0461224893
77 -1.2523035779 2.1064439007 -0.3921406666
78 -0.1921162821 2.1064439007 -0.1885817954
79 -1.3354698630 2.1064439007 -0.3113787726
80 -0.0462129927 2.1064439007 -0.0461636543
81 -1.2523379544 2.1064439007 -0.3921105449
82 -0.1920553400 2.1064439007 -0.1885242090
83 -1.3354509797 2.1064439007 -0.3113988924
84 -0.0462456622 2.1064439007 -0.0461962191
85 -1.2523651449 2.1064439007 -0.3920867180
86 -0.1920071376 2.1064439007 -0.1884786592
87 -1.3354360346 2.1064439007 -0.3114148155
88 -0.0462715185 2.1064439007 -0.0462219925
89 -1.2523866620 2.1064439007 -0.3920678614
90 -0.1919689928 2.1064439007 -0.1884426127
91 -1.3354242021 2.1064439007 -0.3114274221
92 -0.0462919900 2.1064439007 -0.0462423981
93 -1.2524036962 2.1064439007 -0.3920529326
94 -0.1919387953 2.1064439007 -0.1884140756
95 -1.3354148312 2.1064439007 -0.3114374057
96 -0.0463082026 2.1064439007 -0.0462585587
97 -1.2524171857 2.1064439007 -0.3920411100
98 -0.1919148819 2.1064439007 -0.1883914767
99 -1.3354074081 2.1064439007 -0.3114453141
100 -0.0463210455 2.1064439007 -0.0462713602
101 -1.2524278706 2.1064439007 -0.3920317451
102 -0.1918959401 2.1064439007 -0.1883735760
103 -1.3354015268 2.1064439007 -0.3114515797
104 -0.0463312207 2.1064439007 -0.0462815027
105 -1.2524363358 2.1064439007 -0.3920243256
106 -0.1918809336 2.1064439007 -0.1883593941
107 -1.3353968665 2.1064439007 -0.3114565445
108 -0.0463392836 2.1064439007 -0.0462895396
109 -1.2524430433 2.1064439007 -0.3920184464
110 -0.1918690429 2.1064439007 -0.1883481566
111 -1.3353931733 2.1064439007 -0.3114604790
112 -0.0463456733 2.1064439007 -0.0462959088
113 -1.2524483588 2.1064439007 -0.3920137873
114 -0.1918596198 2.1064439007 -0.1883392513
115 -1.3353902462 2.1064439007 -0.3114635974
116 -0.0463507376 2.1064439007 -0.0463009568
117 -1.2524525716 2.1064439007 -0.3920100947
118 -0.1918521517 2.1064439007 -0.1883321934
119 -1.3353879261 2.1064439007 -0.3114660690
120 -0.0463547517 2.1064439007 -0.0463049579
121 -1.2524559106 2.1064439007 -0.3920071679
122 -0.1918462324 2.1064439007 -0.1883265993
123 -1.3353860870 2.1064439007 -0.3114680282
124 -0.0463579335 2.1064439007 -0.0463081295
125 -1.2524585573 2.1064439007 -0.3920048480
126 -0.1918415405 2.1064439007 -0.1883221650
127 -1.3353846292 2.1064439007 -0.3114695812
128 -0.0463604557 2.1064439007 -0.0463106435
129 -1.2524606553 2.1064439007 -0.3920030090
130 -0.1918378213 2.1064439007 -0.1883186501
131 -1.3353834736 2.1064439007 -0.3114708123
132 -0.0463624551 2.1064439007 -0.0463126365
133 -1.2524623185 2.1064439007 -0.3920015511
134 -0.1918348730 2.1064439007 -0.1883158637
135 -1.3353825574 2.1064439007 -0.3114717883
136 -0.0463640402 2.1064439007 -0.0463142165
137 -1.2524636369 2.1064439007 -0.3920003954
138 -0.1918325357 2.1064439007 -0.1883136548
139 -1.3353818311 2.1064439007 -0.3114725620
140 -0.0463652967 2.1064439007 -0.0463154690
141 -1.2524646821 2.1064439007 -0.3919994793
142 -0.1918306828 2.1064439007 -0.1883119037
143 -1.3353812554 2.1064439007 -0.3114731754
144 -0.0463662929 2.1064439007 -0.0463164619
145 -1.2524655108 2.1064439007 -0.3919987529
146 -0.1918292139 2.1064439007 -0.1883105154
147 -1.3353807989 2.1064439007 -0.3114736617
148 -0.0463670827 2.1064439007 -0.0463172492
149 -1.2524661677 2.1064439007 -0.3919981771
150 -0.1918280494 2.1064439007 -0.1883094148
151 -1.3353804370 2.1064439007 -0.3114740472
152 -0.0463677088 2.1064439007 -0.0463178733
153 -1.2524666885 2.1064439007 -0.3919977206
154 -0.1918271261 2.1064439007 -0.1883085423
155 -1.3353801501 2.1064439007 -0.3114743529
156 -0.0463682052 2.1064439007 -0.0463183681
157 -1.2524671014 2.1064439007 -0.3919973586
158 -0.1918263942 2.1064439007 -0.1883078505
159 -1.3353799226 2.1064439007 -0.3114745952
160 -0.0463685988 2.1064439007 -0.0463187604
161 -1.2524674287 2.1064439007 -0.3919970717
162 -0.1918258138 2.1064439007 -0.1883073021
163 -1.3353797423 2.1064439007 -0.3114747873
164 -0.0463689108 2.1064439007 -0.0463190714
165 -1.2524676883 2.1064439007 -0.3919968442
166 -0.1918253538 2.1064439007 -0.1883068672
167 -1.3353795993 2.1064439007 -0.3114749396
168 -0.0463691582 2.1064439007 -0.0463193180
169 -1.2524678940 2.1064439007 -0.3919966638
170 -0.1918249890 2.1064439007 -0.1883065225
171 -1.3353794859 2.1064439007 -0.3114750604
172 -0.0463693543 2.1064439007 -0.0463195134
173 -1.2524680572 2.1064439007 -0.3919965209
174 -0.1918246998 2.1064439007 -0.1883062492
175 -1.3353793960 2.1064439007 -0.3114751561
176 -0.0463695098 2.1064439007 -0.0463196684
177 -1.2524681865 2.1064439007 -0.3919964075
178 -0.1918244705 2.1064439007 -0.1883060325
179 -1.3353793248 2.1064439007 -0.3114752320
180 -0.0463696331 2.1064439007 -0.0463197913
181 -1.2524682890 2.1064439007 -0.3919963176
182 -0.1918242888 2.1064439007 -0.1883058607
183 -1.3353792683 2.1064439007 -0.3114752922
184 -0.0463697308 2.1064439007 -0.0463198887
185 -1.2524683703 2.1064439007 -0.3919962463
186 -0.1918241447 2.1064439007 -0.1883057245
187 -1.3353792235 2.1064439007 -0.3114753399
188 -0.0463698083 2.1064439007 -0.0463199660
189 -1.2524684348 2.1064439007 -0.3919961898
190 -0.1918240304 2.1064439007 -0.1883056165
191 -1.3353791880 2.1064439007 -0.3114753778
192 -0.0463698697 2.1064439007 -0.0463200272
193 -1.2524684859 2.1064439007 -0.3919961450
194 -0.1918239398 2.1064439007 -0.1883055309
195 -1.3353791598 2.1064439007 -0.3114754077
196 -0.0463699184 2.1064439007 -0.0463200758
197 -1.2524685264 2.1064439007 -0.3919961095
198 -0.1918238680 2.1064439007 -0.1883054630
199 -1.3353791375 2.1064439007 -0.3114754315
200 -0.0463699570 2.1064439007 -0.0463201143
201 -1.2524685585 2.1064439007 -0.3919960814
202 -0.1918238110 2.1064439007 -0.1883054092
203 -1.3353791198 2.1064439007 -0.3114754504
204 -0.0463699877 2.1064439007 -0.0463201448
205 -1.2524685840 2.1064439007 -0.3919960590
206 -0.1918237659 2.1064439007 -0.1883053666
207 -1.3353791058 2.1064439007 -0.3114754653
208 -0.0463700119 2.1064439007 -0.0463201690
209 -1.2524686042 2.1064439007 -0.3919960413
210 -0.1918237301 2.1064439007 -0.1883053327
211 -1.3353790947 2.1064439007 -0.3114754772
212 -0.0463700312 2.1064439007 -0.0463201882
213 -1.2524686202 2.1064439007 -0.3919960273
214 -0.1918237017 2.1064439007 -0.1883053059
215 -1.3353790859 2.1064439007 -0.3114754866
216 -0.0463700464 2.1064439007 -0.0463202034
217 -1.2524686329 2.1064439007 -0.3919960162
218 -0.1918236792 2.1064439007 -0.1883052846
219 -1.3353790789 2.1064439007 -0.3114754940
220 -0.0463700585 2.1064439007 -0.0463202154
221 -1.2524686429 2.1064439007 -0.3919960074
222 -0.1918236614 2.1064439007 -0.1883052678
223 -1.3353790733 2.1064439007 -0.3114754999
224 -0.0463700681 2.1064439007 -0.0463202250
225 -1.2524686509 2.1064439007 -0.3919960004
226 -0.1918236472 2.1064439007 -0.1883052544
227 -1.3353790689 2.1064439007 -0.3114755046
228 -0.0463700757 2.1064439007 -0.0463202326
229 -1.2524686572 2.1064439007 -0.3919959948
230 -0.1918236360 2.1064439007 -0.1883052438
231 -1.3353790654 2.1064439007 -0.3114755083
232 -0.0463700818 2.1064439007 -0.0463202386
233 -1.2524686623 2.1064439007 -0.3919959904
234 -0.1918236271 2.1064439007 -0.1883052354
235 -1.3353790627 2.1064439007 -0.3114755113
236 -0.0463700865 2.1064439007 -0.0463202433
237 -1.2524686662 2.1064439007 -0.3919959870
238 -0.1918236201 2.1064439007 -0.1883052288
239 -1.3353790605 2.1064439007 -0.3114755136
240 -0.0463700903 2.1064439007 -0.0463202471
241 -1.2524686694 2.1064439007 -0.3919959842
242 -0.1918236145 2.1064439007 -0.1883052235
243 -1.3353790587 2.1064439007 -0.3114755154
244 -0.0463700933 2.1064439007 -0.0463202501
245 -1.2524686719 2.1064439007 -0.3919959820
246 -0.1918236101 2.1064439007 -0.1883052193
247 -1.3353790574 2.1064439007 -0.3114755169
248 -0.0463700957 2.1064439007 -0.0463202525
249 -1.2524686739 2.1064439007 -0.3919959803
250 -0.1918236066 2.1064439007 -0.1883052160
251 -1.3353790563 2.1064439007 -0.3114755181
252 -0.0463700976 2.1064439007 -0.0463202544
253 -1.2524686754 2.1064439007 -0.3919959789
254 -0.1918236038 2.1064439007 -0.1883052133
255 -1.3353790554 2.1064439007 -0.3114755190
256 -0.0463700991 2.1064439007 -0.0463202559
257 -1.2524686767 2.1064439007 -0.3919959778
258 -0.1918236016 2.1064439007 -0.1883052113
259 -1.3353790547 2.1064439007 -0.3114755197
260 -0.0463701003 2.1064439007 -0.0463202570
261 -1.2524686777 2.1064439007 -0.3919959769
262 -0.1918235998 2.1064439007 -0.1883052096
263 -1.3353790542 2.1064439007 -0.3114755203
264 -0.0463701012 2.1064439007 -0.0463202580
265 -1.2524686785 2.1064439007 -0.3919959762
266 -0.1918235984 2.1064439007 -0.1883052083
267 -1.3353790538 2.1064439007 -0.3114755208
268 -0.0463701020 2.1064439007 -0.0463202587
269 -1.2524686791 2.1064439007 -0.3919959757
270 -0.1918235973 2.1064439007 -0.1883052072
271 -1.3353790534 2.1064439007 -0.3114755211
272 -0.0463701026 2.1064439007 -0.0463202593
273 -1.2524686796 2.1064439007 -0.3919959753
274 -0.1918235965 2.1064439007 -0.1883052064
275 -1.3353790531 2.1064439007 -0.3114755214
276 -0.0463701030 2.1064439007 -0.0463202598
277 -1.2524686800 2.1064439007 -0.3919959749
278 -0.1918235958 2.1064439007 -0.1883052058
279 -1.3353790529 2.1064439007 -0.3114755216
280 -0.0463701034 2.1064439007 -0.0463202602
281 -1.2524686803 2.1064439007 -0.3919959747
282 -0.1918235952 2.1064439007 -0.1883052053
283 -1.3353790528 2.1064439007 -0.3114755218
284 -0.0463701037 2.1064439007 -0.0463202605
285 -1.2524686805 2.1064439007 -0.3919959744
286 -0.1918235948 2.1064439007 -0.1883052048
287 -1.3353790526 2.1064439007 -0.3114755220
288 -0.0463701039 2.1064439007 -0.0463202607
289 -1.2524686807 2.1064439007 -0.3919959743
290 -0.1918235944 2.1064439007 -0.1883052045
291 -1.3353790525 2.1064439007 -0.3114755221
292 -0.0463701041 2.1064439007 -0.0463202609
293 -1.2524686809 2.1064439007 -0.3919959741
294 -0.1918235942 2.1064439007 -0.1883052043
295 -1.3353790524 2.1064439007 -0.3114755222
296 -0.0463701043 2.1064439007 -0.0463202610
297 -1.2524686810 2.1064439007 -0.3919959740
298 -0.1918235939 2.1064439007 -0.1883052041
299 -1.3353790524 2.1064439007 -0.3114755223
300 -0.0463701044 2.1064439007 -0.0463202611
301 -1.2524686811 2.1064439007 -0.3919959739
302 -0.1918235938 2.1064439007 -0.1883052039
303 -1.3353790523 2.1064439007 -0.3114755223
304 -0.0463701045 2.1064439007 -0.0463202612
305 -1.2524686812 2.1064439007 -0.3919959739
306 -0.1918235936 2.1064439007 -0.1883052038
307 -1.3353790523 2.1064439007 -0.3114755224
308 -0.0463701046 2.1064439007 -0.0463202613
309 -1.2524686812 2.1064439007 -0.3919959738
310 -0.1918235935 2.1064439007 -0.1883052037
311 -1.3353790522 2.1064439007 -0.3114755224
312 -0.0463701046 2.1064439007 -0.0463202614
313 -1.2524686813 2.1064439007 -0.3919959738
314 -0.1918235934 2.1064439007 -0.1883052036
315 -1.3353790522 2.1064439007 -0.3114755224
316 -0.0463701047 2.1064439007 -0.0463202614
317 -1.2524686813 2.1064439007 -0.3919959737
318 -0.1918235934 2.1064439007 -0.1883052035
319 -1.3353790522 2.1064439007 -0.3114755224
320 -0.0463701047 2.1064439007 -0.0463202614
321 -1.2524686813 2.1064439007 -0.3919959737
322 -0.1918235933 2.1064439007 -0.1883052035
323 -1.3353790522 2.1064439007 -0.3114755225
324 -0.0463701047 2.1064439007 -0.0463202615
325 -1.2524686814 2.1064439007 -0.3919959737
326 -0.1918235933 2.1064439007 -0.1883052034
327 -1.3353790522 2.1064439007 -0.3114755225
328 -0.0463701047 2.1064439007 -0.0463202615
329 -1.2524686814 2.1064439007 -0.3919959737
330 -0.1918235932 2.1064439007 -0.1883052034
331 -1.3353790521 2.1064439007 -0.3114755225
332 -0.0463701048 2.1064439007 -0.0463202615
333 -1.2524686814 2.1064439007 -0.3919959737
334 -0.1918235932 2.1064439007 -0.1883052034
335 -1.3353790521 2.1064439007 -0.3114755225
336 -0.0463701048 2.1064439007 -0.0463202615
337 -1.2524686814 2.1064439007 -0.3919959737
338 -0.1918235932 2.1064439007 -0.1883052033
339 -1.3353790521 2.1064439007 -0.3114755225
340 -0.0463701048 2.1064439007 -0.0463202615
341 -1.2524686814 2.1064439007 -0.3919959736
342 -0.1918235932 2.1064439007 -0.1883052033
343 -1.3353790521 2.1064439007 -0.3114755225
344 -0.0463701048 2.1064439007 -0.0463202615
345 -1.2524686814 2.1064439007 -0.3919959736
346 -0.1918235932 2.1064439007 -0.1883052033
347 -1.3353790521 2.1064439007 -0.3114755225
348 -0.0463701048 2.1064439007 -0.0463202616
349 -1.2524686814 2.1064439007 -0.3919959736
350 -0.1918235932 2.1064439007 -0.1883052033
351 -1.3353790521 2.1064439007 -0.3114755225
352 -0.0463701048 2.1064439007 -0.0463202616
353 -1.2524686814 2.1064439007 -0.3919959736
354 -0.1918235931 2.1064439007 -0.1883052033
355 -1.3353790521 2.1064439007 -0.3114755225
356 -0.0463701048 2.1064439007 -0.0463202616
357 -1.2524686814 2.1064439007 -0.3919959736
358 -0.1918235931 2.1064439007 -0.1883052033
359 -1.3353790521 2.1064439007 -0.3114755225
360 -0.0463701048 2.1064439007 -0.0463202616
361 -1.2524686814 2.1064439007 -0.3919959736
362 -0.1918235931 2.1064439007 -0.1883052033
363 -1.3353790521 2.1064439007 -0.3114755225
364 -0.0463701048 2.1064439007 -0.0463202616
365 -1.2524686814 2.1064439007 -0.3919959736
366 -0.1918235931 2.1064439007 -0.1883052033
367 -1.3353790521 2.1064439007 -0.3114755225
368 -0.0463701048 2.1064439007 -0.0463202616
369 -1.2524686814 2.1064439007 -0.3919959736
370 -0.1918235931 2.1064439007 -0.1883052033
371 -1.3353790521 2.1064439007 -0.3114755225
372 -0.0463701048 2.1064439007 -0.0463202616
373 -1.2524686815 2.1064439007 -0.3919959736
374 -0.1918235931 2.1064439007 -0.1883052033
375 -1.3353790521 2.1064439007 -0.3114755225
376 -0.0463701048 2.1064439007 -0.0463202616
377 -1.2524686815 2.1064439007 -0.3919959736
378 -0.1918235931 2.1064439007 -0.1883052033
379 -1.3353790521 2.1064439007 -0.3114755225
380 -0.0463701048 2.1064439007 -0.0463202616
381 -1.2524686815 2.1064439007 -0.3919959736
382 -0.1918235931 2.1064439007 -0.1883052033
383 -1.3353790521 2.1064439007 -0.3114755225
384 -0.0463701048 2.1064439007 -0.0463202616
385 -1.2524686815 2.1064439007 -0.3919959736
386 -0.1918235931 2.1064439007 -0.1883052033
387 -1.3353790521 2.1064439007 -0.3114755225
388 -0.0463701048 2.1064439007 -0.0463202616
389 -1.2524686815 2.1064439007 -0.3919959736
390 -0.1918235931 2.1064439007 -0.1883052033
391 -1.3353790521 2.1064439007 -0.3114755225
392 -0.0463701048 2.1064439007 -0.0463202616
393 -1.2524686815 2.1064439007 -0.3919959736
394 -0.1918235931 2.1064439007 -0.1883052033
395 -1.3353790521 2.1064439007 -0.3114755225
396 -0.0463701048 2.1064439007 -0.0463202616
397 -1.2524686815 2.1064439007 -0.3919959736
398 -0.1918235931 2.1064439007 -0.1883052033
399 -1.3353790521 2.1064439007 -0.3114755225
400 -0.0463701048 2.1064439007 -0.0463202616
401 -1.2524686815 2.1064439007 -0.3919959736
402 -0.1918235931 2.1064439007 -0.1883052033
403 -1.3353790521 2.1064439007 -0.3114755225
404 -0.0463701048 2.1064439007 -0.0463202616
405 -1.2524686815 2.1064439007 -0.3919959736
406 -0.1918235931 2.1064439007 -0.1883052033
407 -1.3353790521 2.1064439007 -0.3114755225
408 -0.0463701048 2.1064439007 -0.0463202616
409 -1.2524686815 2.1064439007 -0.3919959736
410 -0.1918235931 2.1064439007 -0.1883052033
411 -1.3353790521 2.1064439007 -0.3114755225
412 -0.0463701048 2.1064439007 -0.0463202616
413 -1.2524686815 2.1064439007 -0.3919959736
414 -0.1918235931 2.1064439007 -0.1883052033
415 -1.3353790521 2.1064439007 -0.3114755225
416 -0.0463701048 2.1064439007 -0.0463202616
417 -1.2524686815 2.1064439007 -0.3919959736
418 -0.1918235931 2.1064439007 -0.1883052033
419 -1.3353790521 2.1064439007 -0.3114755225
420 -0.0463701048 2.1064439007 -0.0463202616
421 -1.2524686815 2.1064439007 -0.3919959736
422 -0.1918235931 2.1064439007 -0.1883052033
423 -1.3353790521 2.1064439007 -0.3114755225
424 -0.0463701048 2.1064439007 -0.0463202616
425 -1.2524686815 2.1064439007 -0.3919959736
426 -0.1918235931 2.1064439007 -0.1883052033
427 -1.3353790521 2.1064439007 -0.3114755225
428 -0.0463701048 2.1064439007 -0.0463202616
429 -1.2524686815 2.1064439007 -0.3919959736
430 -0.1918235931 2.1064439007 -0.1883052033
431 -1.3353790521 2.1064439007 -0.3114755225
432 -0.0463701048 2.1064439007 -0.0463202616
433 -1.2524686815 2.1064439007 -0.3919959736
434 -0.1918235931 2.1064439007 -0.1883052033
435 -1.3353790521 2.1064439007 -0.3114755225
436 -0.0463701048 2.1064439007 -0.0463202616
437 -1.2524686815 2.1064439007 -0.3919959736
438 -0.1918235931 2.1064439007 -0.1883052033
439 -1.3353790521 2.1064439007 -0.3114755225
440 -0.0463701048 2.1064439007 -0.0463202616
441 -1.2524686815 2.1064439007 -0.3919959736
442 -0.1918235931 2.1064439007 -0.1883052033
443 -1.3353790521 2.1064439007 -0.3114755225
444 -0.0463701048 2.1064439007 -0.0463202616
445 -1.2524686815 2.1064439007 -0.3919959736
446 -0.1918235931 2.1064439007 -0.1883052033
447 -1.3353790521 2.1064439007 -0.3114755225
448 -0.0463701048 2.1064439007 -0.0463202616
449 -1.2524686815 2.1064439007 -0.3919959736
450 -0.1918235931 2.1064439007 -0.1883052033
451 -1.3353790521 2.1064439007 -0.3114755225
452 -0.0463701048 2.1064439007 -0.0463202616
453 -1.2524686815 2.1064439007 -0.3919959736
454 -0.1918235931 2.1064439007 -0.1883052033
455 -1.3353790521 2.1064439007 -0.3114755225
456 -0.0463701048 2.1064439007 -0.0463202616
457 -1.2524686815 2.1064439007 -0.3919959736
458 -0.1918235931 2.1064439007 -0.1883052033
459 -1.3353790521 2.1064439007 -0.3114755225
460 -0.0463701048 2.1064439007 -0.0463202616
461 -1.2524686815 2.1064439007 -0.3919959736
462 -0.1918235931 2.1064439007 -0.1883052033
463 -1.3353790521 2.1064439007 -0.3114755225
464 -0.0463701048 2.1064439007 -0.0463202616
465 -1.2524686815 2.1064439007 -0.3919959736
466 -0.1918235931 2.1064439007 -0.1883052033
467 -1.3353790521 2.1064439007 -0.3114755225
468 -0.0463701048 2.1064439007 -0.0463202616
469 -1.2524686815 2.1064439007 -0.3919959736
470 -0.1918235931 2.1064439007 -0.1883052033
471 -1.3353790521 2.1064439007 -0.3114755225
472 -0.0463701048 2.1064439007 -0.0463202616
473 -1.2524686815 2.1064439007 -0.3919959736
474 -0.1918235931 2.1064439007 -0.1883052033
475 -1.3353790521 2.1064439007 -0.3114755225
476 -0.0463701048 2.1064439007 -0.0463202616
477 -1.2524686815 2.1064439007 -0.3919959736
478 -0.1918235931 2.1064439007 -0.1883052033
479 -1.3353790521 2.1064439007 -0.3114755225
480 -0.0463701048 2.1064439007 -0.0463202616
481 -1.2524686815 2.1064439007 -0.3919959736
482 -0.1918235931 2.1064439007 -0.1883052033
483 -1.3353790521 2.1064439007 -0.3114755225
484 -0.0463701048 2.1064439007 -0.0463202616
485 -1.2524686815 2.1064439007 -0.3919959736
486 -0.1918235931 2.1064439007 -0.1883052033
487 -1.3353790521 2.1064439007 -0.3114755225
488 -0.0463701048 2.1064439007 -0.0463202616
489 -1.2524686815 2.1064439007 -0.3919959736
490 -0.1918235931 2.1064439007 -0.1883052033
491 -1.3353790521 2.1064439007 -0.3114755225
492 -0.0463701048 2.1064439007 -0.0463202616
493 -1.2524686815 2.1064439007 -0.3919959736
494 -0.1918235931 2.1064439007 -0.1883052033
495 -1.3353790521 2.1064439007 -0.3114755225
496 -0.0463701048 2.1064439007 -0.0463202616
497 -1.2524686815 2.1064439007 -0.3919959736
498 -0.1918235931 2.1064439007 -0.1883052033
499 -1.3353790521 2.1064439007 -0.3114755225
500 -0.0463701048 2.1064439007 -0.0463202616
501 -1.2524686815 2.1064439007 -0.3919959736
502 -0.1918235931 2.1064439007 -0.1883052033
503 -1.3353790521 2.1064439007 -0.3114755225
504 -0.0463701048 2.1064439007 -0.0463202616
505 -1.2524686815 2.1064439007 -0.3919959736
506 -0.1918235931 2.1064439007 -0.1883052033
507 -1.3353790521 2.1064439007 -0.3114755225
508 -0.0463701048 2.1064439007 -0.0463202616
509 -1.2524686815 2.1064439007 -0.3919959736
510 -0.1918235931 2.1064439007 -0.1883052033
511 -1.3353790521 2.1064439007 -0.3114755225
512 -0.0463701048 2.1064439007 -0.0463202616
513 -1.2524686815 2.1064439007 -0.3919959736
514 -0.1918235931 2.1064439007 -0.1883052033
515 -1.3353790521 2.1064439007 -0.3114755225
516 -0.0463701048 2.1064439007 -0.0463202616
517 -1.2524686815 2.1064439007 -0.3919959736
518 -0.1918235931 2.1064439007 -0.1883052033
519 -1.3353790521 2.1064439007 -0.3114755225
520 -0.0463701048 2.1064439007 -0.0463202616
521 -1.2524686815 2.1064439007 -0.3919959736
522 -0.1918235931 2.1064439007 -0.1883052033
523 -1.3353790521 2.1064439007 -0.3114755225
524 -0.0463701048 2.1064439007 -0.0463202616
525 -1.2524686815 2.1064439007 -0.3919959736
526 -0.1918235931 2.1064439007 -0.1883052033
527 -1.3353790521 2.1064439007 -0.3114755225
528 -0.0463701048 2.1064439007 -0.0463202616
529 -1.2524686815 2.1064439007 -0.3919959736
530 -0.1918235931 2.1064439007 -0.1883052033
531 -1.3353790521 2.1064439007 -0.3114755225
532 -0.0463701048 2.1064439007 -0.0463202616
533 -1.2524686815 2.1064439007 -0.3919959736
534 -0.1918235931 2.1064439007 -0.1883052033
535 -1.3353790521 2.1064439007 -0.3114755225
536 -0.0463701048 2.1064439007 -0.0463202616
537 -1.2524686815 2.1064439007 -0.3919959736
538 -0.1918235931 2.1064439007 -0.1883052033
539 -1.3353790521 2.1064439007 -0.3114755225
540 -0.0463701048 2.1064439007 -0.0463202616
541 -1.2524686815 2.1064439007 -0.3919959736
542 -0.1918235931 2.1064439007 -0.1883052033
543 -1.3353790521 2.1064439007 -0.3114755225
544 -0.0463701048 2.1064439007 -0.0463202616
545 -1.2524686815 2.1064439007 -0.3919959736
546 -0.1918235931 2.1064439007 -0.1883052033
547 -1.3353790521 2.1064439007 -0.3114755225
548 -0.0463701048 2.1064439007 -0.0463202616
549 -1.2524686815 2.1064439007 -0.3919959736
550 -0.1918235931 2.1064439007 -0.1883052033
551 -1.3353790521 2.1064439007 -0.3114755225
552 -0.0463701048 2.1064439007 -0.0463202616
553 -1.2524686815 2.1064439007 -0.3919959736
554 -0.1918235931 2.1064439007 -0.1883052033
555 -1.3353790521 2.1064439007 -0.3114755225
556 -0.0463701048 2.1064439007 -0.0463202616
557 -1.2524686815 2.1064439007 -0.3919959736
558 -0.1918235931 2.1064439007 -0.1883052033
559 -1.3353790521 2.1064439007 -0.3114755225
560 -0.0463701048 2.1064439007 -0.0463202616
561 -1.2524686815 2.1064439007 -0.3919959736
562 -0.1918235931 2.1064439007 -0.1883052033
563 -1.3353790521 2.1064439007 -0.3114755225
564 -0.0463701048 2.1064439007 -0.0463202616
565 -1.2524686815 2.1064439007 -0.3919959736
566 -0.1918235931 2.1064439007 -0.1883052033
567 -1.3353790521 2.1064439007 -0.3114755225
568 -0.0463701048 2.1064439007 -0.0463202616
569 -1.2524686815 2.1064439007 -0.3919959736
570 -0.1918235931 2.1064439007 -0.1883052033
571 -1.3353790521 2.1064439007 -0.3114755225
572 -0.0463701048 2.1064439007 -0.0463202616
573 -1.2524686815 2.1064439007 -0.3919959736
574 -0.1918235931 2.1064439007 -0.1883052033
575 -1.3353790521 2.1064439007 -0.3114755225
576 -0.0463701048 2.1064439007 -0.0463202616
577 -1.2524686815 2.1064439007 -0.3919959736
578 -0.1918235931 2.1064439007 -0.1883052033
579 -1.3353790521 2.1064439007 -0.3114755225
580 -0.0463701048 2.1064439007 -0.0463202616
581 -1.2524686815 2.1064439007 -0.3919959736
582 -0.1918235931 2.1064439007 -0.1883052033
583 -1.3353790521 2.1064439007 -0.3114755225
584 -0.0463701048 2.1064439007 -0.0463202616
585 -1.2524686815 2.1064439007 -0.3919959736
586 -0.1918235931 2.1064439007 -0.1883052033
587 -1.3353790521 2.1064439007 -0.3114755225
588 -0.0463701048 2.1064439007 -0.0463202616
589 -1.2524686815 2.1064439007 -0.3919959736
590 -0.1918235931 2.1064439007 -0.1883052033
591 -1.3353790521 2.1064439007 -0.3114755225
592 -0.0463701048 2.1064439007 -0.0463202616
593 -1.2524686815 2.1064439007 -0.3919959736
594 -0.1918235931 2.1064439007 -0.1883052033
595 -1.3353790521 2.1064439007 -0.3114755225
596 -0.0463701048 2.1064439007 -0.0463202616
597 -1.2524686815 2.1064439007 -0.3919959736
598 -0.1918235931 2.1064439007 -0.1883052033
599 -1.3353790521 2.1064439007 -0.3114755225
600 -0.0463701048 2.1064439007 -0.0463202616
601 -1.2524686815 2.1064439007 -0.3919959736
602 -0.1918235931 2.1064439007 -0.1883052033
603 -1.3353790521 2.1064439007 -0.3114755225
604 -0.0463701048 2.1064439007 -0.0463202616
605 -1.2524686815 2.1064439007 -0.3919959736
606 -0.1918235931 2.1064439007 -0.1883052033
607 -1.3353790521 2.1064439007 -0.3114755225
608 -0.0463701048 2.1064439007 -0.0463202616
609 -1.2524686815 2.1064439007 -0.3919959736
610 -0.1918235931 2.1064439007 -0.1883052033
611 -1.3353790521 2.1064439007 -0.3114755225
612 -0.0463701048 2.1064439007 -0.0463202616
613 -1.2524686815 2.1064439007 -0.3919959736
614 -0.1918235931 2.1064439007 -0.1883052033
615 -1.3353790521 2.1064439007 -0.3114755225
616 -0.0463701048 2.1064439007 -0.0463202616
617 -1.2524686815 2.1064439007 -0.3919959736
618 -0.1918235931 2.1064439007 -0.1883052033
619 -1.3353790521 2.1064439007 -0.3114755225
620 -0.0463701048 2.1064439007 -0.0463202616
621 -1.2524686815 2.1064439007 -0.3919959736
622 -0.1918235931 2.1064439007 -0.1883052033
623 -1.3353790521 2.1064439007 -0.3114755225
624 -0.0463701048 2.1064439007 -0.0463202616
625 -1.2524686815 2.1064439007 -0.3919959736
626 -0.1918235931 2.1064439007 -0.1883052033
627 -1.3353790521 2.1064439007 -0.3114755225
628 -0.0463701048 2.1064439007 -0.0463202616
629 -1.2524686815 2.1064439007 -0.3919959736
630 -0.1918235931 2.1064439007 -0.1883052033
631 -1.3353790521 2.1064439007 -0.3114755225
632 -0.0463701048 2.1064439007 -0.0463202616
633 -1.2524686815 2.1064439007 -0.3919959736
634 -0.1918235931 2.1064439007 -0.1883052033
635 -1.3353790521 2.1064439007 -0.3114755225
636 -0.0463701048 2.1064439007 -0.0463202616
637 -1.2524686815 2.1064439007 -0.3919959736
638 -0.1918235931 2.1064439007 -0.1883052033
639 -1.3353790521 2.1064439007 -0.3114755225
640 -0.0463701048 2.1064439007 -0.0463202616
641 -1.2524686815 2.1064439007 -0.3919959736
642 -0.1918235931 2.1064439007 -0.1883052033
643 -1.3353790521 2.1064439007 -0.3114755225
644 -0.0463701048 2.1064439007 -0.0463202616
645 -1.2524686815 2.1064439007 -0.3919959736
646 -0.1918235931 2.1064439007 -0.1883052033
647 -1.3353790521 2.1064439007 -0.3114755225
648 -0.0463701048 2.1064439007 -0.0463202616
649 -1.2524686815 2.1064439007 -0.3919959736
650 -0.1918235931 2.1064439007 -0.1883052033
651 -1.3353790521 2.1064439007 -0.3114755225
652 -0.0463701048 2.1064439007 -0.0463202616
653 -1.2524686815 2.1064439007 -0.3919959736
654 -0.1918235931 2.1064439007 -0.1883052033
655 -1.3353790521 2.1064439007 -0.3114755225
656 -0.0463701048 2.1064439007 -0.0463202616
657 -1.2524686815 2.1064439007 -0.3919959736
658 -0.1918235931 2.1064439007 -0.1883052033
659 -1.3353790521 2.1064439007 -0.3114755225
660 -0.0463701048 2.1064439007 -0.0463202616
661 -1.2524686815 2.1064439007 -0.3919959736
662 -0.1918235931 2.1064439007 -0.1883052033
663 -1.3353790521 2.1064439007 -0.3114755225
664 -0.0463701048 2.1064439007 -0.0463202616
665 -1.2524686815 2.1064439007 -0.3919959736
666 -0.1918235931 2.1064439007 -0.1883052033
667 -1.3353790521 2.1064439007 -0.3114755225
668 -0.0463701048 2.1064439007 -0.0463202616
669 -1.2524686815 2.1064439007 -0.3919959736
670 -0.1918235931 2.1064439007 -0.1883052033
671 -1.3353790521 2.1064439007 -0.3114755225
672 -0.0463701048 2.1064439007 -0.0463202616
673 -1.2524686815 2.1064439007 -0.3919959736
674 -0.1918235931 2.1064439007 -0.1883052033
675 -1.3353790521 2.1064439007 -0.3114755225
676 -0.0463701048 2.1064439007 -0.0463202616
677 -1.2524686815 2.1064439007 -0.3919959736
678 -0.1918235931 2.1064439007 -0.1883052033
679 -1.3353790521 2.1064439007 -0.3114755225
680 -0.0463701048 2.1064439007 -0.0463202616
681 -1.2524686815 2.1064439007 -0.3919959736
682 -0.1918235931 2.1064439007 -0.1883052033
683 -1.3353790521 2.1064439007 -0.3114755225
684 -0.0463701048 2.1064439007 -0.0463202616
685 -1.2524686815 2.1064439007 -0.3919959736
686 -0.1918235931 2.1064439007 -0.1883052033
687 -1.3353790521 2.1064439007 -0.3114755225
688 -0.0463701048 2.1064439007 -0.0463202616
689 -1.2524686815 2.1064439007 -0.3919959736
690 -0.1918235931 2.1064439007 -0.1883052033
691 -1.3353790521 2.1064439007 -0.3114755225
692 -0.0463701048 2.1064439007 -0.0463202616
693 -1.2524686815 2.1064439007 -0.3919959736
694 -0.1918235931 2.1064439007 -0.1883052033
695 -1.3353790521 2.1064439007 -0.3114755225
696 -0.0463701048 2.1064439007 -0.0463202616
697 -1.2524686815 2.1064439007 -0.3919959736
698 -0.1918235931 2.1064439007 -0.1883052033
699 -1.3353790521 2.1064439007 -0.3114755225
700 -0.0463701048 2.1064439007 -0.0463202616
701 -1.2524686815 2.1064439007 -0.3919959736
702 -0.1918235931 2.1064439007 -0.1883052033
703 -1.3353790521 2.1064439007 -0.3114755225
704 -0.0463701048 2.1064439007 -0.0463202616
705 -1.2524686815 2.1064439007 -0.3919959736
706 -0.1918235931 2.1064439007 -0.1883052033
707 -1.3353790521 2.1064439007 -0.3114755225
708 -0.0463701048 2.1064439007 -0.0463202616
709 -1.2524686815 2.1064439007 -0.3919959736
710 -0.1918235931 2.1064439007 -0.1883052033
711 -1.3353790521 2.1064439007 -0.3114755225
712 -0.0463701048 2.1064439007 -0.0463202616
713 -1.2524686815 2.1064439007 -0.3919959736
714 -0.1918235931 2.1064439007 -0.1883052033
715 -1.3353790521 2.1064439007 -0.3114755225
716 -0.0463701048 2.1064439007 -0.0463202616
717 -1.2524686815 2.1064439007 -0.3919959736
718 -0.1918235931 2.1064439007 -0.1883052033
719 -1.3353790521 2.1064439007 -0.3114755225
720 -0.0463701048 2.1064439007 -0.0463202616
721 -1.2524686815 2.1064439007 -0.3919959736
722 -0.1918235931 2.1064439007 -0.1883052033
723 -1.3353790521 2.1064439007 -0.3114755225
724 -0.0463701048 2.1064439007 -0.0463202616
725 -1.2524686815 2.1064439007 -0.3919959736
726 -0.1918235931 2.1064439007 -0.1883052033
727 -1.3353790521 2.1064439007 -0.3114755225
728 -0.0463701048 2.1064439007 -0.0463202616
729 -1.2524686815 2.1064439007 -0.3919959736
730 -0.1918235931 2.1064439007 -0.1883052033
731 -1.3353790521 2.1064439007 -0.3114755225
732 -0.0463701048 2.1064439007 -0.0463202616
733 -1.2524686815 2.1064439007 -0.3919959736
734 -0.1918235931 2.1064439007 -0.1883052033
735 -1.3353790521 2.1064439007 -0.3114755225
736 -0.0463701048 2.1064439007 -0.0463202616
737 -1.2524686815 2.1064439007 -0.3919959736
738 -0.1918235931 2.1064439007 -0.1883052033
739 -1.3353790521 2.1064439007 -0.3114755225
740 -0.0463701048 2.1064439007 -0.0463202616
741 -1.2524686815 2.1064439007 -0.3919959736
742 -0.1918235931 2.1064439007 -0.1883052033
743 -1.3353790521 2.1064439007 -0.3114755225
744 -0.0463701048 2.1064439007 -0.0463202616
745 -1.2524686815 2.1064439007 -0.3919959736
746 -0.1918235931 2.1064439007 -0.1883052033
747 -1.3353790521 2.1064439007 -0.3114755225
748 -0.0463701048 2.1064439007 -0.0463202616
749 -1.2524686815 2.1064439007 -0.3919959736
750 -0.1918235931 2.1064439007 -0.1883052033
751 -1.3353790521 2.1064439007 -0.3114755225
752 -0.0463701048 2.1064439007 -0.0463202616
753 -1.2524686815 2.1064439007 -0.3919959736
754 -0.1918235931 2.1064439007 -0.1883052033
755 -1.3353790521 2.1064439007 -0.3114755225
756 -0.0463701048 2.1064439007 -0.0463202616
757 -1.2524686815 2.1064439007 -0.3919959736
758 -0.1918235931 2.1064439007 -0.1883052033
759 -1.3353790521 2.1064439007 -0.3114755225
760 -0.0463701048 2.1064439007 -0.0463202616
761 -1.2524686815 2.1064439007 -0.3919959736
762 -0.1918235931 2.1064439007 -0.1883052033
763 -1.3353790521 2.1064439007 -0.3114755225
764 -0.0463701048 2.1064439007 -0.0463202616
765 -1.2524686815 2.1064439007 -0.3919959736
766 -0.1918235931 2.1064439007 -0.1883052033
767 -1.3353790521 2.1064439007 -0.3114755225
768 -0.0463701048 2.1064439007 -0.0463202616
769 -1.2524686815 2.1064439007 -0.3919959736
770 -0.1918235931 2.1064439007 -0.1883052033
771 -1.3353790521 2.1064439007 -0.3114755225
772 -0.0463701048 2.1064439007 -0.0463202616
773 -1.2524686815 2.1064439007 -0.3919959736
774 -0.1918235931 2.1064439007 -0.1883052033
775 -1.3353790521 2.1064439007 -0.3114755225
776 -0.0463701048 2.1064439007 -0.0463202616
777 -1.2524686815 2.1064439007 -0.3919959736
778 -0.1918235931 2.1064439007 -0.1883052033
779 -1.3353790521 2.1064439007 -0.3114755225
780 -0.0463701048 2.1064439007 -0.0463202616
781 -1.2524686815 2.1064439007 -0.3919959736
782 -0.1918235931 2.1064439007 -0.1883052033
783 -1.3353790521 2.1064439007 -0.3114755225
784 -0.0463701048 2.1064439007 -0.0463202616
785 -1.2524686815 2.1064439007 -0.3919959736
786 -0.1918235931 2.1064439007 -0.1883052033
787 -1.3353790521 2.1064439007 -0.3114755225
788 -0.0463701048 2.1064439007 -0.0463202616
789 -1.2524686815 2.1064439007 -0.3919959736
790 -0.1918235931 2.1064439007 -0.1883052033
791 -1.3353790521 2.1064439007 -0.3114755225
792 -0.0463701048 2.1064439007 -0.0463202616
793 -1.2524686815 2.1064439007 -0.3919959736
794 -0.1918235931 2.1064439007 -0.1883052033
795 -1.3353790521 2.1064439007 -0.3114755225
796 -0.0463701048 2.1064439007 -0.0463202616
797 -1.2524686815 2.1064439007 -0.3919959736
798 -0.1918235931 2.1064439007 -0.1883052033
799 -1.3353790521 2.1064439007 -0.3114755225
800 -0.0463701048 2.1064439007 -0.0463202616
801 -1.2524686815 2.1064439007 -0.3919959736
802 -0.1918235931 2.1064439007 -0.1883052033
803 -1.3353790521 2.1064439007 -0.3114755225
804 -0.0463701048 2.1064439007 -0.0463202616
805 -1.2524686815 2.1064439007 -0.3919959736
806 -0.1918235931 2.1064439007 -0.1883052033
807 -1.3353790521 2.1064439007 -0.3114755225
808 -0.0463701048 2.1064439007 -0.0463202616
809 -1.2524686815 2.1064439007 -0.3919959736
810 -0.1918235931 2.1064439007 -0.1883052033
811 -1.3353790521 2.1064439007 -0.3114755225
812 -0.0463701048 2.1064439007 -0.0463202616
813 -1.2524686815 2.1064439007 -0.3919959736
814 -0.1918235931 2.1064439007 -0.1883052033
815 -1.3353790521 2.1064439007 -0.3114755225
816 -0.0463701048 2.1064439007 -0.0463202616
817 -1.2524686815 2.1064439007 -0.3919959736
818 -0.1918235931 2.1064439007 -0.1883052033
819 -1.3353790521 2.1064439007 -0.3114755225
820 -0.0463701048 2.1064439007 -0.0463202616
821 -1.2524686815 2.1064439007 -0.3919959736
822 -0.1918235931 2.1064439007 -0.1883052033
823 -1.3353790521 2.1064439007 -0.3114755225
824 -0.0463701048 2.1064439007 -0.0463202616
825 -1.2524686815 2.1064439007 -0.3919959736
826 -0.1918235931 2.1064439007 -0.1883052033
827 -1.3353790521 2.1064439007 -0.3114755225
828 -0.0463701048 2.1064439007 -0.0463202616
829 -1.2524686815 2.1064439007 -0.3919959736
830 -0.1918235931 2.1064439007 -0.1883052033
831 -1.3353790521 2.1064439007 -0.3114755225
832 -0.0463701048 2.1064439007 -0.0463202616
833 -1.2524686815 2.1064439007 -0.3919959736
834 -0.1918235931 2.1064439007 -0.1883052033
835 -1.3353790521 2.1064439007 -0.3114755225
836 -0.0463701048 2.1064439007 -0.0463202616
837 -1.2524686815 2.1064439007 -0.3919959736
838 -0.1918235931 2.1064439007 -0.1883052033
839 -1.3353790521 2.1064439007 -0.3114755225
840 -0.0463701048 2.1064439007 -0.0463202616
841 -1.2524686815 2.1064439007 -0.3919959736
842 -0.1918235931 2.1064439007 -0.1883052033
843 -1.3353790521 2.1064439007 -0.3114755225
844 -0.0463701048 2.1064439007 -0.0463202616
845 -1.2524686815 2.1064439007 -0.3919959736
846 -0.1918235931 2.1064439007 -0.1883052033
847 -1.3353790521 2.1064439007 -0.3114755225
848 -0.0463701048 2.1064439007 -0.0463202616
849 -1.2524686815 2.1064439007 -0.3919959736
850 -0.1918235931 2.1064439007 -0.1883052033
851 -1.3353790521 2.1064439007 -0.3114755225
852 -0.0463701048 2.1064439007 -0.0463202616
853 -1.2524686815 2.1064439007 -0.3919959736
854 -0.1918235931 2.1064439007 -0.1883052033
855 -1.3353790521 2.1064439007 -0.3114755225
856 -0.0463701048 2.1064439007 -0.0463202616
857 -1.2524686815 2.1064439007 -0.3919959736
858 -0.1918235931 2.1064439007 -0.1883052033
859 -1.3353790521 2.1064439007 -0.3114755225
860 -0.0463701048 2.1064439007 -0.0463202616
861 -1.2524686815 2.1064439007 -0.3919959736
862 -0.1918235931 2.1064439007 -0.1883052033
863 -1.3353790521 2.1064439007 -0.3114755225
864 -0.0463701048 2.1064439007 -0.0463202616
865 -1.2524686815 2.1064439007 -0.3919959736
866 -0.1918235931 2.1064439007 -0.1883052033
867 -1.3353790521 2.1064439007 -0.3114755225
868 -0.0463701048 2.1064439007 -0.0463202616
869 -1.2524686815 2.1064439007 -0.3919959736
870 -0.1918235931 2.1064439007 -0.1883052033
871 -1.3353790521 2.1064439007 -0.3114755225
872 -0.0463701048 2.1064439007 -0.0463202616
873 -1.2524686815 2.1064439007 -0.3919959736
874 -0.1918235931 2.1064439007 -0.1883052033
875 -1.3353790521 2.1064439007 -0.3114755225
876 -0.0463701048 2.1064439007 -0.0463202616
877 -1.2524686815 2.1064439007 -0.3919959736
878 -0.1918235931 2.1064439007 -0.1883052033
879 -1.3353790521 2.1064439007 -0.3114755225
880 -0.0463701048 2.1064439007 -0.0463202616
881 -1.2524686815 2.1064439007 -0.3919959736
882 -0.1918235931 2.1064439007 -0.1883052033
883 -1.3353790521 2.1064439007 -0.3114755225
884 -0.0463701048 2.1064439007 -0.0463202616
885 -1.2524686815 2.1064439007 -0.3919959736
886 -0.1918235931 2.1064439007 -0.1883052033
887 -1.3353790521 2.1064439007 -0.3114755225
888 -0.0463701048 2.1064439007 -0.0463202616
889 -1.2524686815 2.1064439007 -0.3919959736
890 -0.1918235931 2.1064439007 -0.1883052033
891 -1.3353790521 2.1064439007 -0.3114755225
892 -0.0463701048 2.1064439007 -0.0463202616
893 -1.2524686815 2.1064439007 -0.3919959736
894 -0.1918235931 2.1064439007 -0.1883052033
895 -1.3353790521 2.1064439007 -0.3114755225
896 -0.0463701048 2.1064439007 -0.0463202616
897 -1.2524686815 2.1064439007 -0.3919959736
898 -0.1918235931 2.1064439007 -0.1883052033
899 -1.3353790521 2.1064439007 -0.3114755225
900 -0.0463701048 2.1064439007 -0.0463202616
901 -1.2524686815 2.1064439007 -0.3919959736
902 -0.1918235931 2.1064439007 -0.1883052033
903 -1.3353790521 2.1064439007 -0.3114755225
904 -0.0463701048 2.1064439007 -0.0463202616
905 -1.2524686815 2.1064439007 -0.3919959736
906 -0.1918235931 2.1064439007 -0.1883052033
907 -1.3353790521 2.1064439007 -0.3114755225
908 -0.0463701048 2.1064439007 -0.0463202616
909 -1.2524686815 2.1064439007 -0.3919959736
910 -0.1918235931 2.1064439007 -0.1883052033
911 -1.3353790521 2.1064439007 -0.3114755225
912 -0.0463701048 2.1064439007 -0.0463202616
913 -1.2524686815 2.1064439007 -0.3919959736
914 -0.1918235931 2.1064439007 -0.1883052033
915 -1.3353790521 2.1064439007 -0.3114755225
916 -0.0463701048 2.1064439007 -0.0463202616
917 -1.2524686815 2.1064439007 -0.3919959736
918 -0.1918235931 2.1064439007 -0.1883052033
919 -1.3353790521 2.1064439007 -0.3114755225
920 -0.0463701048 2.1064439007 -0.0463202616
921 -1.2524686815 2.1064439007 -0.3919959736
922 -0.1918235931 2.1064439007 -0.1883052033
923 -1.3353790521 2.1064439007 -0.3114755225
924 -0.0463701048 2.1064439007 -0.0463202616
925 -1.2524686815 2.1064439007 -0.3919959736
926 -0.1918235931 2.1064439007 -0.1883052033
927 -1.3353790521 2.1064439007 -0.3114755225
928 -0.0463701048 2.1064439007 -0.0463202616
929 -1.2524686815 2.1064439007 -0.3919959736
930 -0.1918235931 2.1064439007 -0.1883052033
931 -1.3353790521 2.1064439007 -0.3114755225
932 -0.0463701048 2.1064439007 -0.0463202616
933 -1.2524686815 2.1064439007 -0.3919959736
934 -0.1918235931 2.1064439007 -0.1883052033
935 -1.3353790521 2.1064439007 -0.3114755225
936 -0.0463701048 2.1064439007 -0.0463202616
937 -1.2524686815 2.1064439007 -0.3919959736
938 -0.1918235931 2.1064439007 -0.1883052033
939 -1.3353790521 2.1064439007 -0.3114755225
940 -0.0463701048 2.1064439007 -0.0463202616
941 -1.2524686815 2.1064439007 -0.3919959736
942 -0.1918235931 2.1064439007 -0.1883052033
943 -1.3353790521 2.1064439007 -0.3114755225
944 -0.0463701048 2.1064439007 -0.0463202616
945 -1.2524686815 2.1064439007 -0.3919959736
946 -0.1918235931 2.1064439007 -0.1883052033
947 -1.3353790521 2.1064439007 -0.3114755225
948 -0.0463701048 2.1064439007 -0.0463202616
949 -1.2524686815 2.1064439007 -0.3919959736
950 -0.1918235931 2.1064439007 -0.1883052033
951 -1.3353790521 2.1064439007 -0.3114755225
952 -0.0463701048 2.1064439007 -0.0463202616
953 -1.2524686815 2.1064439007 -0.3919959736
954 -0.1918235931 2.1064439007 -0.1883052033
955 -1.3353790521 2.1064439007 -0.3114755225
956 -0.0463701048 2.1064439007 -0.0463202616
957 -1.2524686815 2.1064439007 -0.3919959736
958 -0.1918235931 2.1064439007 -0.1883052033
959 -1.3353790521 2.1064439007 -0.3114755225
960 -0.0463701048 2.1064439007 -0.0463202616
961 -1.2524686815 2.1064439007 -0.3919959736
962 -0.1918235931 2.1064439007 -0.1883052033
963 -1.3353790521 2.1064439007 -0.3114755225
964 -0.0463701048 2.1064439007 -0.0463202616
965 -1.2524686815 2.1064439007 -0.3919959736
966 -0.1918235931 2.1064439007 -0.1883052033
967 -1.3353790521 2.1064439007 -0.3114755225
968 -0.0463701048 2.1064439007 -0.0463202616
969 -1.2524686815 2.1064439007 -0.3919959736
970 -0.1918235931 2.1064439007 -0.1883052033
971 -1.3353790521 2.1064439007 -0.3114755225
972 -0.0463701048 2.1064439007 -0.0463202616
973 -1.2524686815 2.1064439007 -0.3919959736
974 -0.1918235931 2.1064439007 -0.1883052033
975 -1.3353790521 2.1064439007 -0.3114755225
976 -0.0463701048 2.1064439007 -0.0463202616
977 -1.2524686815 2.1064439007 -0.3919959736
978 -0.1918235931 2.1064439007 -0.1883052033
979 -1.3353790521 2.1064439007 -0.3114755225
980 -0.0463701048 2.1064439007 -0.0463202616
981 -1.2524686815 2.1064439007 -0.3919959736
982 -0.1918235931 2.1064439007 -0.1883052033
983 -1.3353790521 2.1064439007 -0.3114755225
984 -0.0463701048 2.1064439007 -0.0463202616
985 -1.2524686815 2.1064439007 -0.3919959736
986 -0.1918235931 2.1064439007 -0.1883052033
987 -1.3353790521 2.1064439007 -0.3114755225
988 -0.0463701048 2.1064439007 -0.0463202616
989 -1.2524686815 2.1064439007 -0.3919959736
990 -0.1918235931 2.1064439007 -0.1883052033
991 -1.3353790521 2.1064439007 -0.3114755225
992 -0.0463701048 2.1064439007 -0.0463202616
993 -1.2524686815 2.1064439007 -0.3919959736
994 -0.1918235931 2.1064439007 -0.1883052033
995 -1.3353790521 2.1064439007 -0.3114755225
996 -0.0463701048 2.1064439007 -0.0463202616
997 -1.2524686815 2.1064439007 -0.3919959736
998 -0.1918235931 2.1064439007 -0.1883052033
999 -1.3353790521 2.1064439007 -0.3114755225
