0 0.7557628633 2.1064439007 0.5500053277
1 0.7327274230 2.1064439007 0.5446749796
2 0.7048719307 2.1064439007 0.5368971001
3 0.6713238625 2.1064439007 0.5256458319
4 0.6311276714 2.1064439007 0.5095488985
5 0.5832818257 2.1064439007 0.4868417926
6 0.5268069710 2.1064439007 0.4553808235
7 0.4608563549 2.1064439007 0.4127761294
8 0.3848769209 2.1064439007 0.3567211147
9 0.2988190249 2.1064439007 0.2855768075
10 0.2033703791 2.1064439007 0.1991792047
11 0.1001555725 2.1064439007 0.0996536551
12 -0.0081915945 2.1064439007 -0.0081913196
13 -0.1181805227 2.1064439007 -0.1173561906
14 -0.2258804952 2.1064439007 -0.2201425173
15 -0.3275213813 2.1064439007 -0.3101112014
16 -0.4200841723 2.1064439007 -0.3835597922
17 -0.5016743202 2.1064439007 -0.4398573183
18 -0.5715822175 2.1064439007 -0.4807269985
19 -0.6300847299 2.1064439007 -0.5090943398
20 -0.6781242967 2.1064439007 -0.5280898246
21 -0.7169917785 2.1064439007 -0.5404582928
22 -0.7480817599 2.1064439007 -0.5483402410
23 -0.7727354502 2.1064439007 -0.5532814745
24 -0.7921570365 2.1064439007 -0.5563409343
25 -0.8073808956 2.1064439007 -0.5582175396
26 -0.8192694151 2.1064439007 -0.5593604446
27 -0.8285268252 2.1064439007 -0.5600527569
28 -0.8357197896 2.1064439007 -0.5604704052
29 -0.8412994500 2.1064439007 -0.5607215708
30 -0.8456221893 2.1064439007 -0.5608722563
31 -0.8489679178 2.1064439007 -0.5609624940
32 -0.8515555398 2.1064439007 -0.5610164570
33 -0.8535556975 2.1064439007 -0.5610486927
34 -0.8551010877 2.1064439007 -0.5610679333
35 -0.8562947084 2.1064439007 -0.5610794102
36 -0.8572163931 2.1064439007 -0.5610862527
37 -0.8579279541 2.1064439007 -0.5610903307
38 -0.8584772107 2.1064439007 -0.5610927604
39 -0.8589011341 2.1064439007 -0.5610942077
40 -0.8592282938 2.1064439007 -0.5610950696
41 -0.8594807592 2.1064439007 -0.5610955829
42 -0.8596755733 2.1064439007 -0.5610958886
43 -0.8598258948 2.1064439007 -0.5610960705
44 -0.8599418813 2.1064439007 -0.5610961788
45 -0.8600313731 2.1064439007 -0.5610962433
46 -0.8601004210 2.1064439007 -0.5610962817
47 -0.8601536946 2.1064439007 -0.5610963046
48 -0.8601947970 2.1064439007 -0.5610963182
49 -0.8602265087 2.1064439007 -0.5610963263
50 -0.8602509751 2.1064439007 -0.5610963311
51 -0.8602698514 2.1064439007 -0.5610963340
52 -0.8602844148 2.1064439007 -0.5610963357
53 -0.8602956506 2.1064439007 -0.5610963367
54 -0.8603043192 2.1064439007 -0.5610963373
55 -0.8603110071 2.1064439007 -0.5610963377
56 -0.8603161669 2.1064439007 -0.5610963379
57 -0.8603201477 2.1064439007 -0.5610963380
58 -0.8603232190 2.1064439007 -0.5610963381
59 -0.8603255884 2.1064439007 -0.5610963381
60 -0.8603274165 2.1064439007 -0.5610963382
61 -0.8603288269 2.1064439007 -0.5610963382
62 -0.8603299150 2.1064439007 -0.5610963382
63 -0.8603307545 2.1064439007 -0.5610963382
64 -0.8603314022 2.1064439007 -0.5610963382
65 -0.8603319019 2.1064439007 -0.5610963382
66 -0.8603322874 2.1064439007 -0.5610963382
67 -0.8603325848 2.1064439007 -0.5610963382
68 -0.8603328142 2.1064439007 -0.5610963382
69 -0.8603329913 2.1064439007 -0.5610963382
70 -0.8603331279 2.1064439007 -0.5610963382
71 -0.8603332332 2.1064439007 -0.5610963382
