0 0.7557628633 2.1064439007 0.5500053277
1 0.3976664732 2.1064439007 0.3666354463
2 -0.9155514851 2.1064439007 -0.5578944069
3 -0.7161890182 2.1064439007 -0.5402308062
4 -1.2020419067 2.1064439007 -0.4332806494
5 0.0988974199 2.1064439007 0.0984141710
6 -1.5860491495 2.1064439007 0.0241907885
7 1.1518607295 2.1064439007 0.4685635001
8 2.2556012648 2.1064439007 -1.4267172873
9 6.3246845241 2.1064439007 6.3192391673
10 5.0648507344 2.1064439007 1.7484334280
11 -3.6539297542 2.1064439007 3.1847695798
12 -5.2264665719 2.1064439007 -2.5700202028
