5.2903400433 2.8901599993
4.7925988600 0.3840017144
4.3068674467 -1.6990508077
3.9505605896 -2.7268569710
3.7337323874 -3.0980581508
3.6083135231 -3.2223992152
3.5352586008 -3.2648434792
3.4920052912 -3.2798001118
3.4660529623 -3.2852044277
3.4503384212 -3.2871906704
3.4407666188 -3.2879287054
3.4349145996 -3.2882048360
3.4313284497 -3.2883085928
3.4291276633 -3.2883476836
3.4277758563 -3.2883624355
3.4269450679 -3.2883680081
3.4264343119 -3.2883701145
3.4261202414 -3.2883709110
3.4259270906 -3.2883712123
3.4258082950 -3.2883713262
3.4257352274 -3.2883713694
3.4256902842 -3.2883713857
3.4256626397 -3.2883713918
3.4256456354 -3.2883713942
3.4256351758 -3.2883713951
3.4256287420 -3.2883713954
3.4256247844 -3.2883713955
3.4256223501 -3.2883713956
3.4256208526 -3.2883713956
3.4256199316 -3.2883713956
3.4256193650 -3.2883713956
3.4256190165 -3.2883713956
3.4256188021 -3.2883713956
3.4256186702 -3.2883713956
