0.7557628633 0.5500053277
0.4395490920 0.3977671512
-0.6444824193 -0.5152062248
-1.2669279956 -0.3790820160
0.1066761697 0.1060697681
-1.3775892884 -0.2645071222
0.3739351229 0.3480951325
-0.8254662838 -0.5598431073
-0.9335956388 -0.5554406603
-0.6988765531 -0.5350357420
-1.1759423480 -0.4523537502
-0.1177594075 -0.1169438494
-1.5964104784 0.0408862289
0.8520517547 0.5610252255
0.8261430355 0.5598911039
0.7200881832 0.5413245488
0.3019922385 0.2883258355
-1.0040466958 -0.5390653556
-0.5356872613 -0.4606471356
-1.4212811703 -0.2117122177
0.4759822053 0.4230734953
-0.5368389390 -0.4613215954
-1.4198541417 -0.2135030006
0.4726900173 0.4208580405
-0.5467699833 -0.4670554910
-1.4073579177 -0.2289936688
0.4437378254 0.4007632633
-0.6323614049 -0.5100842394
-1.2860042921 -0.3613130253
0.1533976250 0.1515963744
-1.3034790357 -0.3443074219
0.1960089405 0.1922556969
-1.2274343928 -0.4132215333
0.0094551247 0.0094547021
-1.5003423882 -0.1056176032
0.6532567477 0.5187568280
0.0536735355 0.0535962414
-1.4498039533 -0.1749875462
0.5411424557 0.4638244243
-0.3321960186 -0.3140343501
-1.5960550992 0.0403101058
0.8513560218 0.5610127880
0.8232770345 0.5596814765
0.7084435674 0.5379746828
0.2578221000 0.2493004561
-1.1030039866 -0.4973631426
-0.2972877991 -0.2842471166
-1.6095541248 0.0623671565
0.8775570026 0.5607871417
0.9318674149 0.5557060716
1.1609443144 0.4626056617
2.1670891380 -1.2169915894
5.7226539757 4.8469320063
-0.1502544373 -0.1485615241
-1.6092790728 0.0619141935
0.8770278259 0.5608058808
0.9296611631 0.5560355165
1.1515420694 0.4687690667
2.1250855638 -1.1185156004
5.6482865730 4.5476149148
-0.6259262804 -0.5072636816
-1.2959480438 -0.3517214882
0.1776692780 0.1748724594
-1.2611458894 -0.3843035861
0.0924789046 0.0920837305
-1.3981730279 -0.2401603324
0.4223215045 0.3852162792
-0.6936275486 -0.5333523322
-1.1850940069 -0.4458441607
-0.0951451111 -0.0947147810
-1.5846667589 0.0219793079
0.8288935531 0.5600766007
0.7312802170 0.5443065307
0.3447892961 0.3244973051
-0.9003694892 -0.5594180167
-0.7732729378 -0.5533760916
-1.0382957935 -0.5271315985
-0.4541607443 -0.4081222576
-1.5102327741 -0.0914091577
0.6746426403 0.5268488217
0.1317431499 0.1306015185
-1.3390396151 -0.3075608250
0.2820238570 0.2708822693
-1.0498065514 -0.5225294955
-0.4264986660 -0.3882928212
-1.5348135946 -0.0552148698
0.7269325495 0.5431759830
0.3281247446 0.3106187458
-0.9416404623 -0.5541200661
-0.6805962577 -0.5289578174
-1.2074775491 -0.4291113441
-0.0398275049 -0.0397959212
-1.5462354851 -0.0379730270
0.7507927691 0.5489408244
0.4201881440 0.3836369045
-0.6996337699 -0.5352744529
-1.1746157793 -0.4532813652
-0.1210368322 -0.1201513244
-1.5979222450 0.0433397927
0.8550078021 0.5610669121
0.8383310233 0.5605958851
0.7698041855 0.5527555623
0.4945804475 0.4353138502
-0.4799874185 -0.4257491918
-1.4846778396 -0.1277002270
0.6189993247 0.5041498660
-0.0685088320 -0.0683481231
-1.5678850733 -0.0045645045
0.7952153680 0.5567549359
0.5953883449 0.4929403283
-0.1505802393 -0.1488763036
-1.6093842694 0.0620874168
0.8772302385 0.5607987824
0.9305050028 0.5559107531
1.1551373009 0.4664362731
2.1411445064 -1.1560577660
5.6777976355 4.6687481999
-0.4428479898 -0.4001286250
-1.5206379087 -0.0762408141
0.6969300613 0.5344173232
0.2145150582 0.2095983174
-1.1919218063 -0.4408621278
-0.0782704255 -0.0780307954
-1.5744062510 0.0056834749
0.8083826714 0.5583248036
0.6482170171 0.5167336948
0.0354738942 0.0354515764
-1.4716763344 -0.1456338037
0.5902211784 0.4903661451
-0.1683017704 -0.1659237768
-1.6143966120 0.0703658537
0.8868411604 0.5603625837
0.9706597804 0.5481851242
1.3274577965 0.3198431731
2.9090399603 -2.8307322892
5.3907327526 3.3827081153
-1.8947142456 0.6030556451
1.2981265483 0.3495900721
2.7792314564 -2.5987549096
5.6788134418 4.6728638544
-0.4364122932 -0.3955091072
-1.5263401758 -0.0678328606
0.7090496673 0.5381552201
0.2601120325 0.2513621683
-1.0980774971 -0.4999641618
-0.3093339179 -0.2946518638
-1.6054693124 0.0556552612
0.8696779725 0.5610054733
0.8990727903 0.5595253724
1.0220070339 0.5331347610
1.5509260265 0.0308153379
3.8623598383 -2.9017895487
1.1478204632 0.4711526052
2.1084656257 -1.0798201701
5.6163563810 4.4132593490
-0.8154708648 -0.5590262004
-0.9541241117 -0.5517924299
-0.6520364159 -0.5182709740
-1.2548132067 -0.3899345446
0.0769131865 0.0766858033
-1.4196988986 -0.2136975467
0.4723316908 0.4206160348
-0.5478484691 -0.4676692710
-1.4059803686 -0.2306803042
0.4405329995 0.3984728952
-0.6416412773 -0.5140281404
-1.2714397622 -0.3749545130
0.1177434175 0.1169281914
-1.3609161498 -0.2835369557
0.3343749580 0.3158558081
-0.9262951166 -0.5565179031
-0.7153781529 -0.5399998104
-1.1466743958 -0.4718802133
-0.1900005068 -0.1865812841
-1.6186428530 0.0774168915
0.8949313953 0.5598443279
1.0045919054 0.5388959161
1.4747844041 0.1413794395
3.5466971556 -3.2596318020
2.8237927400 -2.6823918658
5.5905606216 4.3023425550
-0.9620495508 -0.5501382303
-0.6337872299 -0.5106997239
-1.2837837080 -0.3634241650
0.1479692110 0.1463522799
-1.3125895218 -0.3351660773
0.2181415758 0.2129719099
-1.1847874705 -0.4460653169
-0.0959026705 -0.0954619845
-1.5850973351 0.0226677175
0.8297486739 0.5601311356
0.7347630604 0.5451865649
0.3581749300 0.3354445005
-0.8663964007 -0.5610581131
-0.8473438055 -0.5609215699
-0.8879193769 -0.5603015060
-0.8006635423 -0.5574464263
-0.9841280519 -0.5448029308
-0.5824948747 -0.4864372742
-1.3596270453 -0.2849823842
0.3313035956 0.3132870141
-0.9338559555 -0.5554001226
-0.6982866008 -0.5348490370
-1.1769747775 -0.4516290157
-0.1152085573 -0.1144448204
-1.5952005726 0.0389258028
0.8496817939 0.5609787616
0.8163842304 0.5591092280
0.6805111259 0.5289281061
0.1534000674 0.1515987308
-1.3034749071 -0.3443115217
0.1959988972 0.1922462293
-1.2274532586 -0.4132060793
0.0095016794 0.0095012505
-1.5002938346 -0.1056868490
0.6531512876 0.5187149428
0.0532919125 0.0532162551
-1.4502779613 -0.1743623204
0.5422145515 0.4644436331
-0.3287032602 -0.3111050621
-1.5976333919 0.0428706449
0.8544434375 0.5610603494
0.8360027561 0.5604846766
0.7602826921 0.5509321845
0.4572099684 0.4102488524
-0.5929255080 -0.4917187489
-1.3448887498 -0.3012429367
0.2960672020 0.2831857087
-1.0177996831 -0.5345886888
-0.5030987921 -0.4407611846
-1.4597250326 -0.1618003851
0.5635043935 0.4763800928
-0.2585266243 -0.2499351913
-1.6185439334 0.0772522374
0.8947434701 0.5598579382
1.0038023755 0.5391410704
1.4713404854 0.1460922833
3.5321547578 -3.2661665793
2.8979166310 -2.8123052584
5.4190772687 3.5187083444
-1.7845526723 0.3785611604
1.1691133681 0.4570857957
2.2035978957 -1.3032214306
5.7797759210 5.0627537846
0.2468457654 0.2393633693
-1.1263060418 -0.4843090640
-0.2401397599 -0.2332488880
-1.6205671024 0.0806235861
0.8985818567 0.5595650849
1.0199410097 0.5338536643
1.5418758456 0.0445855756
3.8254709408 -2.9652305465
1.3463236954 0.2996812277
2.9921548005 -2.9588070195
5.1579987472 2.2231396641
-2.5208316324 2.0505353029
0.9214984231 0.5571631304
1.1168229615 0.4897714259
1.9702175669 -0.7661884604
5.2982870084 2.9296764440
-2.2027355657 1.3011792644
1.3730374266 0.2697639677
3.1092409132 -3.1076139348
4.7703142043 0.2761670191
-2.5081972862 2.0216634260
0.9505884933 0.5524861191
1.2410285194 0.4018740196
2.5250351500 -2.0601101281
5.9616815814 5.6562129058
1.6844336660 -0.1910028556
4.3827468391 -1.4187146909
-1.3900852331 -0.2498388140
0.4033721825 0.3709985677
-0.7463570239 -0.5479508478
-1.0897523608 -0.5042337748
-0.3296575928 -0.3119066004
-1.5972071470 0.0421786468
0.8536102490 0.5610494560
0.8325666304 0.5603003097
0.7462514119 0.5479268196
0.4025521496 0.3703737980
-0.7486072055 -0.5484577427
-1.0855202911 -0.5063437009
-0.3399723893 -0.3205136864
-1.5923608311 0.0343358106
0.8441048517 0.5608237375
0.7934650623 0.5565202690
0.5883958814 0.4894465691
-0.1745410621 -0.1718891446
-1.6158303302 0.0727427149
0.8895781113 0.5602027493
0.9821259019 0.5453310380
1.3770791022 0.2650986227
3.1268874958 -3.1265494202
4.7061536089 -0.0293444259
-2.3905848452 1.7475211942
1.1764561736 0.4519933663
2.2364224483 -1.3811065236
5.8250366324 5.2243172282
0.5804754139 0.4853947120
-0.2014883485 -0.1974121996
-1.6200523901 0.0797651401
0.8976063712 0.5596424743
1.0158370770 0.5352533593
1.5239120999 0.0714212684
3.7517215175 -3.0748141204
1.7433290480 -0.2992912708
4.5959063733 -0.5341333703
-2.1213937861 1.1099057707
1.3985278136 0.2397324546
3.2202064528 -3.2102609301
4.3436759507 -1.5655270762
-1.2302334908 -0.4109197064
0.0163615216 0.0163593316
-1.4930321619 -0.1159874157
0.6373275461 0.5122130547
-0.0035878372 -0.0035878141
-1.5135586809 -0.0865852401
0.6817905135 0.5293732515
0.1581346634 0.1561615773
-1.2954219401 -0.3522346006
0.1763866795 0.1736498920
-1.2634481163 -0.3822337112
0.0981335498 0.0976614063
-1.3900832233 -0.2498412011
0.4033674633 0.3709949744
-0.7463699810 -0.5479537943
-1.0897280285 -0.5042460224
-0.3297169310 -0.3119564094
-1.5971805200 0.0421354304
0.8535581855 0.5610487277
0.8323519632 0.5602879919
0.7453756550 0.5477267532
0.3991572789 0.3677790614
-0.7578946448 -0.5504473814
-1.0679167998 -0.5146831105
-0.3827445930 -0.3550503859
-1.5676420511 -0.0049447671
0.7947227218 0.5566895004
0.5934195074 0.4919645587
-0.1573428989 -0.1553992614
-1.6114613595 0.0655120698
0.8812209354 0.5606412604
0.9471575042 0.5531332260
1.2263120532 0.4141394313
2.4593095171 -1.9087563718
5.9729190504 5.6877259764
1.7813745073 -0.3723524181
4.7274595340 0.0712427354
-2.4329494026 1.8472060135
1.1044058907 0.4966128619
1.9149543789 -0.6461136904
5.1464531521 2.1644002750
-2.5390743028 2.0919713276
0.8778338796 0.5607771027
0.9330219842 0.5555294751
1.1658677230 0.4592972491
2.1890912501 -1.2688992814
5.7579263629 4.9817240692
0.0917543671 0.0913684043
-1.3991991942 -0.2389219964
0.4247197461 0.3869852024
-0.6868545549 -0.5311064308
-1.1967881007 -0.4372459293
-0.0662433235 -0.0660980329
-1.5663101569 -0.0070267099
0.7920202863 0.5563219898
0.5826293691 0.4865064783
-0.1941805433 -0.1905311381
-1.6192227365 0.0783824993
0.8960325206 0.5597630755
1.0092193245 0.5374311501
1.4949834603 0.1132304416
3.6315564163 -3.2043034852
2.3833323760 -1.7303790161
5.9544134181 5.6354925987
1.6222140732 -0.0833738434
4.1461265952 -2.2243205683
-0.3272250186 -0.3098617763
-1.5982862152 0.0439311761
0.8557186302 0.5610742395
0.8412644264 0.5607201932
0.7818164991 0.5548042414
0.5420425475 0.4643444048
-0.3292638963 -0.3115760428
-1.5973834437 0.0424648170
0.8539549151 0.5610541365
0.8339878879 0.5603794916
0.7520520379 0.5492150154
0.4250877042 0.3872559898
-0.6858134190 -0.5307538598
-1.1985741645 -0.4359050272
-0.0618291695 -0.0617110255
-1.5631750194 -0.0119133220
0.7856426466 0.5553974078
0.5572327390 0.4729355710
-0.2793602049 -0.2685299832
-1.6145038212 0.0705434513
0.8870460089 0.5603511685
0.9715174962 0.5479816456
1.3311636585 0.3159461130
2.9253916841 -2.8572870034
5.3478487836 3.1742029506
-2.0473615170 0.9391857364
1.3923667186 0.2471232787
3.1934594613 -3.1891649565
4.4514327981 -1.1484896010
-1.6530734444 0.1358567162
0.9587217014 0.5508495533
1.2759825714 0.3707515960
2.6808416999 -2.4012804725
5.8332340371 5.2526423202
0.6426572095 0.5144509873
0.0154851473 0.0154832908
-1.4939717469 -0.1146608857
0.6393806547 0.5130809003
0.0037492304 0.0037492041
-1.5062189311 -0.0972001050
0.6659868185 0.5236704148
0.0999825555 0.0994832333
-1.3874067679 -0.2530121249
0.3970784677 0.3661836821
-0.7635592979 -0.5515794677
-1.0570736973 -0.5194700752
-0.4089740097 -0.3752456407
-1.5488629937 -0.0339690043
0.7562409112 0.5501052176
0.4414146059 0.3991042309
-0.6390924050 -0.5129594913
-1.2754664585 -0.3712314678
0.1276122473 0.1265745812
-1.3455858500 -0.3004848332
0.2977387126 0.2846388947
-1.0139347508 -0.5358893983
-0.5122781057 -0.4465170291
-1.4492780215 -0.1756806923
0.5399524928 0.4631351285
-0.3360681138 -0.3172679957
-1.5942466698 0.0373822049
0.8478106917 0.5609338912
0.8086876182 0.5583570561
0.6494451567 0.5172307607
0.0399019450 0.0398701839
-1.4664925982 -0.1526834467
0.5786633885 0.4844537470
-0.2076241934 -0.2031651347
-1.6205684235 0.0806257902
0.8985843596 0.5595648837
1.0199515418 0.5338500237
1.5419219696 0.0445158194
3.8256594040 -2.9649210490
1.3453087208 0.3007863449
2.9876917087 -2.9523790041
5.1714177690 2.2913395873
-2.4981244165 1.9985488028
0.9731068866 0.5476003118
1.3380334178 0.3086398890
2.9556716524 -2.9047348449
5.2646541308 2.7619269647
-2.2953406392 1.5213386737
1.3007981502 0.3469614735
2.7910811025 -2.6213755013
5.6564478363 4.5814133764
-0.5760508682 -0.4830879752
-1.3685532314 -0.2748974720
0.3525339301 0.3308533821
-0.8808022966 -0.5606593566
-0.8161953910 -0.5590921998
-0.9526434441 -0.5520862565
-0.6554358418 -0.5196179707
-1.2493053199 -0.3947574026
0.0633619344 0.0632347862
-1.4375497610 -0.1909822589
0.5133014013 0.4471512670
-0.4214919187 -0.3846027685
-1.5389490804 -0.0490030060
0.7356044569 0.5453957381
0.3614134436 0.3380654012
-0.8580676325 -0.5610910079
-0.8651699583 -0.5610720201
-0.8499772837 -0.5609851875
-0.8823542165 -0.5605904226
-0.8128165363 -0.5587753769
-0.9595386714 -0.5506771724
-0.6395784475 -0.5131641274
-1.2747001428 -0.3719428508
0.1257347644 0.1247421881
-1.3485358938 -0.2972645292
0.3048071063 0.2907569799
-0.9974613619 -0.5410597022
-0.5512153071 -0.4695740733
-1.4016542168 -0.2359499346
0.4304517479 0.3911847929
-0.6705765839 -0.5253722674
-1.2243567514 -0.4157316516
0.0018594735 0.0018594702
-1.5081326950 -0.0944432347
0.6701178336 0.5252038385
0.1151130852 0.1143512440
-1.3649285524 -0.2790141729
0.3439233279 0.3237828456
-0.9025421826 -0.5592301201
-0.7684648588 -0.5525097031
-1.0476194225 -0.5234269156
-0.4317639161 -0.3921405145
-1.5303602741 -0.0618648665
0.7175529946 0.5406166206
0.2923445047 0.2799405689
-1.0263652398 -0.5315869021
-0.4826988269 -0.4275482809
-1.4818514400 -0.1316293906
0.6127692814 0.5012810859
-0.0903370409 -0.0899686811
-1.5818738148 0.0175228298
0.8233357565 0.5596859387
0.7086819779 0.5380457781
0.2587227287 0.2501118028
-1.1010690791 -0.4983913116
-0.3020206325 -0.2883503939
-1.6080216991 0.0598453826
0.8746062395 0.5608841390
0.9195717704 0.5574083612
1.1086439400 0.4943174246
1.9338072673 -0.6866767090
5.1997489639 2.4350158043
-2.4448506182 1.8750463077
1.0822866214 0.5079283998
1.8167274312 -0.4422995860
4.8450679854 0.6409544000
-2.6064422286 2.2420405625
0.6995523991 0.5352488511
0.2243463886 0.2187242061
-1.1724482577 -0.4547883206
-0.1263914872 -0.1253832905
-1.6002887671 0.0471895793
0.8596235637 0.5610958147
0.8573969970 0.5610873872
0.8481946062 0.5609436863
0.8102662358 0.5585210355
0.6558061980 0.5197635092
0.0629092312 0.0627847884
-1.4381317958 -0.1902299284
0.5146291170 0.4479719531
-0.4172956027 -0.3814867769
-1.5423403918 -0.0438828151
0.7426880845 0.5471036655
0.3887512134 0.3597438079
-0.7860794220 -0.5554632887
-1.0131898569 -0.5361362494
-0.5140453793 -0.4476114445
-1.4472320690 -0.1783714470
0.5353190986 0.4604311129
-0.3510981846 -0.3296796440
-1.5866446040 0.0251445309
0.8328177729 0.5603146013
0.7472760973 0.5481590529
0.4065268345 0.3733947856
-0.7376760067 -0.5459050336
-1.1059573484 -0.4957773115
-0.2900598014 -0.2779430676
-1.6117128299 0.0659272540
0.8817033188 0.5606199516
0.9491724172 0.5527563081
1.2349524724 0.4069983434
2.4979056264 -1.9980458227
5.9694006250 5.6779279380
1.7509261364 -0.3136911716
4.6225750003 -0.4146139164
-2.1939426970 1.2803696952
1.3774731348 0.2646418395
3.1286068889 -3.1283431039
4.6998251538 -0.0590462346
-2.3773798479 1.7162954028
1.1967905315 0.4372441094
2.3273437472 -1.5975231696
5.9194570767 5.5321882164
1.3283186462 0.3189406768
2.9128394261 -2.8369595928
5.3808970750 3.3351656098
-1.9312176259 0.6810796128
1.3300836336 0.3170850644
2.9206274182 -2.8496163106
5.3604923955 3.2359978078
-2.0041123002 0.8414919059
1.3764329531 0.2658469239
3.1240675796 -3.1235878472
4.7165032403 0.0194048657
-2.4115688908 1.7970011911
1.1420701279 0.4747729685
2.0827935079 -1.0204007395
5.5642972134 4.1873475346
-1.1052173460 -0.4961765315
-0.2918713149 -0.2795272281
-1.6111924548 0.0650682364
0.8807049256 0.5606635127
0.9450026123 0.5535265500
1.2170780424 0.4215815745
2.4180443935 -1.8122307746
5.9670322329 5.6712971978
1.7304795411 -0.2751556939
4.5503582241 -0.7340760509
-1.9870865489 0.8035187794
1.3677565916 0.2758047674
3.0861559012 -3.0814148767
4.8520444563 0.6754140650
-2.6134060679 2.2572573421
0.6795945622 0.5286074014
0.1500110561 0.1483263458
-1.3091780685 -0.3386111613
0.2098610597 0.2052566805
-1.2009935050 -0.4340769925
-0.0558501111 -0.0557630290
-1.5587881044 -0.0187178244
0.7766802515 0.5539627834
0.5217060229 0.4523035898
-0.3948229797 -0.3644471430
-1.5593320581 -0.0178762100
0.7777939536 0.5541496266
0.5261102569 0.4549627534
-0.3807479398 -0.3534814184
-1.5689598771 -0.0028813142
0.7973925049 0.5570383425
0.6040958880 0.4971805729
-0.1205206789 -0.1196464424
-1.5976873504 0.0429582704
0.8545488782 0.5610616256
0.8364376998 0.5605062938
0.7620605402 0.5512859667
0.4641707435 0.4150582834
-0.5722819148 -0.4810987436
-1.3737100290 -0.2689901025
0.3647588477 0.3407612949
-0.8494194251 -0.5609729050
-0.8835342791 -0.5605346130
-0.8102443110 -0.5585187923
-0.9647708083 -0.5495385349
-0.6275008314 -0.5079602635
-1.2935268848 -0.3540776367
0.1717652008 0.1692376055
-1.2716833109 -0.3747303831
0.1183405529 0.1175128701
-1.3600009429 -0.2845635290
0.3321946088 0.3140331702
-0.9316665288 -0.5557365037
-0.7032451647 -0.5363985413
-1.1682670362 -0.4576647855
-0.1367190756 -0.1354432811
-1.6044912743 0.0540530197
0.8677850716 0.5610385804
0.8912116767 0.5600998069
0.9889759903 0.5434874747
1.4068048370 0.2296713488
3.2560610829 -3.2347522468
4.1946059019 -2.0761412960
-0.5616162829 -0.4753494707
-1.3880452474 -0.2522571312
0.3985795409 0.3673361731
-0.7594706605 -0.5507685654
-1.0649080666 -0.5160380836
-0.3900321140 -0.3607394736
-1.5626974706 -0.0126559238
0.7846691840 0.5552492240
0.5533647015 0.4707811140
-0.2921426896 -0.2797643027
-1.6111133092 0.0649376313
0.8805530145 0.5606699570
0.9443683155 0.5536404017
1.2143613138 0.4237338230
2.4059010885 -1.7836552426
5.9634113925 5.6611052730
1.6992975094 -0.2177612839
4.4375839986 -1.2041794273
-1.6019906852 0.0499649673
0.8629342343 0.5610893099
0.8710980558 0.5609757216
0.9049748339 0.5590078155
1.0468778921 0.5237287295
1.6602076891 -0.1482437272
4.2919386894 -1.7518473422
-1.0081035357 -0.5377887091
-0.5260963401 -0.4549543953
-1.4329852031 -0.1968568034
0.5028708010 0.4406167094
-0.4542390564 -0.4081770239
-1.5101590581 -0.0915158144
0.6744839619 0.5267917488
0.1311589501 0.1300324244
-1.3399700224 -0.3065610088
0.2842598519 0.2728523585
-1.0447661072 -0.5245814632
-0.4386264988 -0.3971042889
-1.5243961499 -0.0707068730
0.7049254505 0.5369134201
0.2445500876 0.2372738313
-1.1311141696 -0.4814608669
-0.2283174353 -0.2223922790
-1.6210983642 0.0815101663
0.8995879654 0.5594831482
1.0241755299 0.5323699192
1.5604298866 0.0161758134
3.9008993672 -2.8293748029
0.9410897015 0.5542149507
1.2003284858 0.4345808168
2.3431633870 -1.6351358563
5.9311481674 5.5674040968
1.4256165820 0.2062443586
3.3371991082 -3.2735586496
3.8389828096 -2.9426605132
1.2735709383 0.3729886638
2.6701095212 -2.3787888707
5.8466678185 5.2984229291
0.7457076985 0.5478027804
0.4004442139 0.3687642384
-0.7543792797 -0.5497137486
-1.0746054662 -0.5115973475
-0.3665190816 -0.3421750486
-1.5778890659 0.0111914617
0.8153734392 0.5590172449
0.6764237526 0.5274863769
0.1383056053 0.1369849272
-1.3284834796 -0.3187676780
0.2565999065 0.2481984377
-1.1056241889 -0.4959572007
-0.2908754069 -0.2786566572
-1.6114802505 0.0655432551
0.8812571788 0.5606396764
0.9473088778 0.5531052165
1.2269609697 0.4136090721
2.4622087818 -1.9154999149
5.9729584709 5.6878353981
1.7817161473 -0.3730190670
4.7286178388 0.0767367008
-2.4351593391 1.8523817144
1.1003610540 0.4987654062
1.8969701572 -0.6078289739
5.0942046621 1.8981313062
-2.6067577759 2.2427313610
0.6986542562 0.5349654651
0.2209770259 0.2156036971
-1.1791695093 -0.4500802400
-0.1097856416 -0.1091246889
-1.5925315268 0.0346112659
0.8444406507 0.5608348830
0.7948432711 0.5567055568
0.5939012252 0.4922038788
-0.1556894356 -0.1538063502
-1.6109722678 0.0647049167
0.8802822610 0.5606813225
0.9432379044 0.5538411343
1.2095211983 0.4275262349
2.3842641755 -1.7325825249
5.9548431394 5.6367250110
1.6258821904 -0.0895178356
4.1603779178 -2.1817048882
-0.3968672636 -0.3660213181
-1.5578683915 -0.0201394608
0.7747956653 0.5536410862
0.5142600690 0.4477440908
-0.4184626287 -0.3823554721
-1.5414041027 -0.0452987719
0.7407349207 0.5466422318
0.3812003951 0.3538373411
-0.8062618524 -0.5580953424
-0.9728422666 -0.5476641863
-0.6087951066 -0.4994175574
-1.3217872880 -0.3257461278
0.2404222751 0.2335071324
-1.1397024690 -0.4762415808
-0.2071787813 -0.2027482905
-1.6205365036 0.0805725388
0.8985238856 0.5595697405
1.0196970744 0.5339379145
1.5408075887 0.0461999497
3.8211047258 -2.9723587729
1.3698393504 0.2734297153
3.0952643657 -3.0919432609
4.8200981734 0.5181656302
-2.5783984167 2.1801752419
0.7770250041 0.5540208811
0.5230690590 0.4531295686
-0.3904743040 -0.3610827686
-1.5623906561 -0.0131327867
0.7840434765 0.5551529918
0.5508796476 0.4693849429
-0.3003279644 -0.2868851399
-1.6085805528 0.0607645103
0.8756830476 0.5608508581
0.9240568611 0.5568251460
1.1276933854 0.4834926766
2.0186572919 -0.8741562302
5.4200932182 3.5235540172
-1.7804673918 0.3705832424
1.1634472172 0.4609307297
2.1782737544 -1.2433543419
5.7409042164 4.9172777003
-0.0263348161 -0.0263256848
-1.5347641389 -0.0552889442
0.7268286197 0.5431485239
0.3277269960 0.3102842019
-0.9426115510 -0.5539511634
-0.6783829518 -0.5281811583
-1.2112310875 -0.4261926231
-0.0305539067 -0.0305396462
-1.5384397100 -0.0497700186
0.7345383357 0.5451304718
0.3573102835 0.3347429072
-0.8686129019 -0.5610250220
-0.8425770415 -0.5607701021
-0.8979566297 -0.5596149194
-0.7786028145 -0.5542838054
-1.0278947904 -0.5310335732
-0.4790480206 -0.4251235611
-1.4856507646 -0.1263437799
0.6211404773 0.5051209210
-0.0609786167 -0.0608652806
-1.5625608083 -0.0128683530
0.7843905064 0.5552064593
0.5522577936 0.4701603817
-0.2957912330 -0.2829455521
-1.6100191264 0.0631332671
0.8784511785 0.5607541414
0.9355966204 0.5551252900
1.1768541988 0.4517137847
2.2382019178 -1.3853358502
5.8273232452 5.2322477800
0.5977669995 0.4941108561
-0.1423931375 -0.1409520072
-1.6065976433 0.0575060243
0.8718586848 0.5609580519
0.9081376890 0.5586999155
1.0602307551 0.5181037777
1.7191146090 -0.2540423126
4.5096180511 -0.9081660931
-1.8563036226 0.5228172367
1.2585283878 0.3866421772
2.6031038831 -2.2347248019
5.9152260959 5.5192808799
1.2933559190 0.3542435073
2.7580599904 -2.5576828129
5.7167710019 4.8239858160
-0.1896027261 -0.1862048909
-1.6185836708 0.0773183791
0.8948189655 0.5598524795
1.0041195468 0.5390427534
1.4727238960 0.1442021918
3.5379989141 -3.2636430594
2.8681820542 -2.7616450915
5.4915250615 3.8587023759
-1.4695742733 -0.1484994371
0.5855400309 0.4879971186
-0.1842811257 -0.1811609203
-1.6177250015 0.0758898278
0.8931866850 0.5599678079
0.9972642766 0.5411179032
1.4428493124 0.1841049876
3.4110696364 -3.2879650531
3.4953129936 -3.2789199784
3.0836089398 -3.0784266742
4.8609066331 0.7192793728
-2.6216985354 2.2752981887
0.6554556871 0.5196257753
0.0616383100 0.0615212564
-1.4397608580 -0.1881203117
0.5183424704 0.4502538228
-0.4055260520 -0.3726358598
-1.5514863058 -0.0299573713
0.7616649322 0.5512077708
0.4626211473 0.4139930804
-0.5768932641 -0.4835295367
-1.3673941736 -0.2762170569
0.3497821096 0.3286018951
-0.8877829091 -0.5603093721
-0.8009622331 -0.5574826283
-0.9835277143 -0.5449622116
-0.5838980410 -0.4871578607
-1.3576651900 -0.2871749995
0.3266259983 0.3093573727
-0.9452961893 -0.5534735589
-0.6722567259 -0.5259859485
-1.2215467054 -0.4180045190
-0.0050774153 -0.0050773498
-1.5150190234 -0.0844598658
0.6849219538 0.5304504251
0.1697428935 0.1673033881
-1.2752572608 -0.3714258025
0.1270997407 0.1260745155
-1.3463927027 -0.2996060076
0.2996728006 0.2863173224
-1.0094480372 -0.5373575153
-0.5229136368 -0.4530355213
-1.4367977732 -0.1919531783
0.5115852183 0.4460867294
-0.4269066919 -0.3885922042
-1.5344723055 -0.0557259484
0.7262152325 0.5429860500
0.3253800915 0.3083071676
-0.9483281277 -0.5529153205
-0.6653250250 -0.5234219647
-1.2330867677 -0.4085548105
0.0233996788 0.0233932730
-1.4853602261 -0.1267490573
0.6205012614 0.5048318243
-0.0632281818 -0.0631018370
-1.5641781850 -0.0103518775
0.7876858277 0.5557023552
0.5653585633 0.4773868292
-0.2523418559 -0.2443502854
-1.6193865339 0.0786553675
0.8963433889 0.5597396708
1.0105261212 0.5370088515
1.5006921103 0.1051186925
3.6554004425 -3.1834126121
2.2575348940 -1.4313187387
5.8510489777 5.3131801996
0.7796220613 0.5544510591
0.5333461308 0.4592700401
-0.3574755281 -0.3348770502
-1.5831405916 0.0195422104
0.8258589341 0.5598710681
0.7189330821 0.5410034784
0.2975943201 0.2845134579
-1.0142690839 -0.5357782003
-0.5114846971 -0.4460242466
-1.4501929170 -0.1744745311
0.5420222281 0.4643326797
-0.3293301191 -0.3116316555
-1.5973538340 0.0424167494
0.8538970326 0.5610533676
0.8337491881 0.5603664810
0.7510775261 0.5490030925
0.4212957240 0.3844575538
-0.6965177115 -0.5342854311
-1.1800645449 -0.4494454540
-0.1075739986 -0.1069521666
-1.5914051492 0.0327946645
0.8422234532 0.5607570058
0.7857475972 0.5554132723
0.5576498923 0.4731665554
-0.2779786192 -0.2673076022
-1.6148288930 0.0710820852
0.8876669504 0.5603160252
0.9741178923 0.5473548539
1.3424050032 0.3039351452
2.9749178716 -2.9336911184
5.2092543967 2.4831074404
-2.4253496101 1.8293871185
1.1180985044 0.4890486767
1.9758987880 -0.7787272620
5.3131293478 3.0032642702
-2.1585710063 1.1969503691
1.3911717828 0.2485469884
3.1882663132 -3.1847942353
4.4720033045 -1.0646821611
-1.7270587421 0.2687774143
1.0840225792 0.5070806298
1.8244252269 -0.4577818751
4.8700605893 0.7646926554
-2.6296101300 2.2924282929
0.6320474398 0.5099482481
-0.0223975391 -0.0223919215
-1.5312613815 -0.0605225658
0.7194543211 0.5411486684
0.2995784348 0.2862355064
-1.0096673120 -0.5372868096
-0.5223943770 -0.4527210586
-1.4374164061 -0.1911545280
0.5129971233 0.4469628319
-0.4224527205 -0.3853132426
-1.5381629912 -0.0501864805
0.7339589215 0.5449854061
0.3550815514 0.3329309035
-0.8743122217 -0.5608928038
-0.8302769266 -0.5601640810
-0.9236384791 -0.5568813800
-0.7213619419 -0.5416757235
-1.1358777929 -0.4785867973
-0.2165958127 -0.2115349839
-1.6210270300 0.0813910909
0.8994529157 0.5594942715
1.0236070283 0.5325714521
1.5579378440 0.0200321649
3.8908137365 -2.8489300269
0.9950994389 0.5417515206
1.4334267242 0.1962905505
3.3707345758 -3.2826291660
3.6851564502 -3.1540183977
2.0995764760 -1.0591953263
5.5987044692 4.3375817450
-0.9164097663 -0.5577935534
-0.7375856999 -0.5458830005
-1.1061249001 -0.4956867464
-0.2896495966 -0.2775839575
-1.6118287448 0.0661186736
0.8819256170 0.5606099669
0.9501011006 0.5525796074
1.2389369007 0.4036475787
2.5156972854 -2.0388189836
5.9648281452 5.6651010115
1.7114872146 -0.2399970762
4.4820409830 -1.0233232068
