2.0922058132 -1.0421336223
2.3234350217 -1.5882237130
2.5613763919 -2.1421920686
2.7854266914 -2.6106149120
2.9762739507 -2.9356953053
3.1238901038 -3.1234006338
3.2294042284 -3.2169614644
3.3006974553 -3.2590080264
3.3471400112 -3.2766807520
3.3767188121 -3.2838082538
3.3953013504 -3.2866116906
3.4068795842 -3.2876977765
3.4140576437 -3.2881146914
3.4184942462 -3.2882738396
3.4212313264 -3.2883343837
3.4229179995 -3.2883573682
3.4239566554 -3.2883660826
3.4245959878 -3.2883693841
3.4249894180 -3.2883706342
3.4252314865 -3.2883711074
3.4253804109 -3.2883712865
3.4254720260 -3.2883713543
3.4255283835 -3.2883713800
3.4255630513 -3.2883713897
3.4255843766 -3.2883713934
3.4255974944 -3.2883713947
3.4256055634 -3.2883713953
3.4256105269 -3.2883713955
3.4256135800 -3.2883713955
3.4256154580 -3.2883713956
3.4256166132 -3.2883713956
3.4256173238 -3.2883713956
3.4256177609 -3.2883713956
3.4256180298 -3.2883713956
3.4256181952 -3.2883713956
3.4256182969 -3.2883713956
