0.7557628633 0.5500053277
0.5442556388 0.4656177439
-0.0351889210 -0.0351671367
-1.0433132794 -0.5251622742
-0.6411892138 -0.5138394167
-1.0632261840 -0.5167865765
-0.6156667943 -0.5026233232
-1.0811143090 -0.5084970321
-0.5925579961 -0.4915356233
-1.0961239904 -0.5009802185
-0.5730528096 -0.4815074288
-1.1078888186 -0.4947294213
-0.5577006124 -0.4731946217
-1.1165524811 -0.4899242075
-0.5463636870 -0.4668238079
-1.1226069167 -0.4864642863
-0.5384268468 -0.4622482967
-1.1266696924 -0.4840954988
-0.5330948599 -0.4591217568
-1.1293169971 -0.4825316580
-0.5296180831 -0.4570604477
-1.1310074531 -0.4815246573
-0.5273969910 -0.4557343162
-1.1320725485 -0.4808868203
-0.5259971833 -0.4548948357
-1.1327378534 -0.4804870805
-0.5251226572 -0.4543689210
-1.1331511607 -0.4802382395
-0.5245793199 -0.4540416123
-1.1334070384 -0.4800839863
-0.5242429196 -0.4538387480
-1.1335651130 -0.4799886177
-0.5240350921 -0.4537133365
-1.1336626379 -0.4799297510
-0.5239068690 -0.4536359301
-1.1337227569 -0.4798934519
-0.5238278249 -0.4535882005
-1.1337597984 -0.4798710826
-0.5237791226 -0.4535587877
-1.1337826138 -0.4798573028
-0.5237491245 -0.4535406694
-1.1337966641 -0.4798488163
-0.5237306509 -0.4535295109
-1.1338053156 -0.4798435904
-0.5237192757 -0.4535226398
-1.1338106424 -0.4798403728
-0.5237122720 -0.4535184091
-1.1338139220 -0.4798383917
-0.5237079599 -0.4535158044
-1.1338159411 -0.4798371720
-0.5237053051 -0.4535142007
-1.1338171842 -0.4798364211
-0.5237036707 -0.4535132134
-1.1338179495 -0.4798359588
-0.5237026644 -0.4535126056
-1.1338184207 -0.4798356742
-0.5237020450 -0.4535122313
-1.1338187107 -0.4798354990
-0.5237016636 -0.4535120010
-1.1338188893 -0.4798353911
-0.5237014288 -0.4535118591
-1.1338189992 -0.4798353247
-0.5237012843 -0.4535117718
-1.1338190669 -0.4798352838
-0.5237011953 -0.4535117181
-1.1338191086 -0.4798352587
-0.5237011405 -0.4535116850
-1.1338191342 -0.4798352432
-0.5237011068 -0.4535116646
-1.1338191500 -0.4798352336
-0.5237010860 -0.4535116521
-1.1338191597 -0.4798352278
-0.5237010732 -0.4535116443
-1.1338191657 -0.4798352242
-0.5237010654 -0.4535116396
-1.1338191694 -0.4798352219
-0.5237010605 -0.4535116367
-1.1338191717 -0.4798352206
-0.5237010575 -0.4535116349
-1.1338191731 -0.4798352197
-0.5237010557 -0.4535116338
-1.1338191739 -0.4798352192
-0.5237010546 -0.4535116331
-1.1338191744 -0.4798352189
-0.5237010539 -0.4535116326
-1.1338191748 -0.4798352187
-0.5237010534 -0.4535116324
-1.1338191750 -0.4798352186
-0.5237010532 -0.4535116322
-1.1338191751 -0.4798352185
-0.5237010530 -0.4535116321
-1.1338191752 -0.4798352184
-0.5237010529 -0.4535116321
-1.1338191752 -0.4798352184
-0.5237010529 -0.4535116320
-1.1338191752 -0.4798352184
-0.5237010528 -0.4535116320
-1.1338191753 -0.4798352184
-0.5237010528 -0.4535116320
-1.1338191753 -0.4798352184
-0.5237010528 -0.4535116320
-1.1338191753 -0.4798352184
-0.5237010528 -0.4535116320
-1.1338191753 -0.4798352184
-0.5237010528 -0.4535116320
-1.1338191753 -0.4798352184
-0.5237010528 -0.4535116320
-1.1338191753 -0.4798352184
-0.5237010528 -0.4535116320
-1.1338191753 -0.4798352184
-0.5237010528 -0.4535116320
-1.1338191753 -0.4798352184
-0.5237010528 -0.4535116320
-1.1338191753 -0.4798352184
-0.5237010528 -0.4535116320
-1.1338191753 -0.4798352184
-0.5237010528 -0.4535116320
-1.1338191753 -0.4798352184
-0.5237010528 -0.4535116320
-1.1338191753 -0.4798352184
-0.5237010528 -0.4535116320
-1.1338191753 -0.4798352184
-0.5237010528 -0.4535116320
-1.1338191753 -0.4798352184
-0.5237010528 -0.4535116320
-1.1338191753 -0.4798352184
-0.5237010528 -0.4535116320
-1.1338191753 -0.4798352184
-0.5237010528 -0.4535116320
-1.1338191753 -0.4798352184
-0.5237010528 -0.4535116320
-1.1338191753 -0.4798352184
-0.5237010528 -0.4535116320
-1.1338191753 -0.4798352184
-0.5237010528 -0.4535116320
-1.1338191753 -0.4798352184
-0.5237010528 -0.4535116320
-1.1338191753 -0.4798352184
-0.5237010528 -0.4535116320
-1.1338191753 -0.4798352184
-0.5237010528 -0.4535116320
-1.1338191753 -0.4798352184
-0.5237010528 -0.4535116320
-1.1338191753 -0.4798352184
-0.5237010528 -0.4535116320
-1.1338191753 -0.4798352184
-0.5237010528 -0.4535116320
-1.1338191753 -0.4798352184
-0.5237010528 -0.4535116320
-1.1338191753 -0.4798352184
-0.5237010528 -0.4535116320
-1.1338191753 -0.4798352184
-0.5237010528 -0.4535116320
-1.1338191753 -0.4798352184
-0.5237010528 -0.4535116320
-1.1338191753 -0.4798352184
-0.5237010528 -0.4535116320
-1.1338191753 -0.4798352184
-0.5237010528 -0.4535116320
-1.1338191753 -0.4798352184
-0.5237010528 -0.4535116320
-1.1338191753 -0.4798352184
-0.5237010528 -0.4535116320
-1.1338191753 -0.4798352184
-0.5237010528 -0.4535116320
-1.1338191753 -0.4798352184
-0.5237010528 -0.4535116320
-1.1338191753 -0.4798352184
-0.5237010528 -0.4535116320
-1.1338191753 -0.4798352184
-0.5237010528 -0.4535116320
-1.1338191753 -0.4798352184
-0.5237010528 -0.4535116320
-1.1338191753 -0.4798352184
-0.5237010528 -0.4535116320
-1.1338191753 -0.4798352184
-0.5237010528 -0.4535116320
-1.1338191753 -0.4798352184
-0.5237010528 -0.4535116320
-1.1338191753 -0.4798352184
-0.5237010528 -0.4535116320
-1.1338191753 -0.4798352184
-0.5237010528 -0.4535116320
-1.1338191753 -0.4798352184
-0.5237010528 -0.4535116320
-1.1338191753 -0.4798352184
-0.5237010528 -0.4535116320
-1.1338191753 -0.4798352184
-0.5237010528 -0.4535116320
-1.1338191753 -0.4798352184
-0.5237010528 -0.4535116320
-1.1338191753 -0.4798352184
-0.5237010528 -0.4535116320
-1.1338191753 -0.4798352184
-0.5237010528 -0.4535116320
-1.1338191753 -0.4798352184
-0.5237010528 -0.4535116320
-1.1338191753 -0.4798352184
-0.5237010528 -0.4535116320
-1.1338191753 -0.4798352184
-0.5237010528 -0.4535116320
-1.1338191753 -0.4798352184
-0.5237010528 -0.4535116320
-1.1338191753 -0.4798352184
-0.5237010528 -0.4535116320
-1.1338191753 -0.4798352184
-0.5237010528 -0.4535116320
-1.1338191753 -0.4798352184
-0.5237010528 -0.4535116320
-1.1338191753 -0.4798352184
-0.5237010528 -0.4535116320
-1.1338191753 -0.4798352184
-0.5237010528 -0.4535116320
-1.1338191753 -0.4798352184
-0.5237010528 -0.4535116320
-1.1338191753 -0.4798352184
-0.5237010528 -0.4535116320
-1.1338191753 -0.4798352184
-0.5237010528 -0.4535116320
-1.1338191753 -0.4798352184
-0.5237010528 -0.4535116320
-1.1338191753 -0.4798352184
-0.5237010528 -0.4535116320
-1.1338191753 -0.4798352184
-0.5237010528 -0.4535116320
-1.1338191753 -0.4798352184
-0.5237010528 -0.4535116320
-1.1338191753 -0.4798352184
-0.5237010528 -0.4535116320
-1.1338191753 -0.4798352184
-0.5237010528 -0.4535116320
-1.1338191753 -0.4798352184
-0.5237010528 -0.4535116320
-1.1338191753 -0.4798352184
-0.5237010528 -0.4535116320
-1.1338191753 -0.4798352184
-0.5237010528 -0.4535116320
-1.1338191753 -0.4798352184
-0.5237010528 -0.4535116320
-1.1338191753 -0.4798352184
-0.5237010528 -0.4535116320
-1.1338191753 -0.4798352184
-0.5237010528 -0.4535116320
-1.1338191753 -0.4798352184
-0.5237010528 -0.4535116320
-1.1338191753 -0.4798352184
-0.5237010528 -0.4535116320
-1.1338191753 -0.4798352184
-0.5237010528 -0.4535116320
-1.1338191753 -0.4798352184
-0.5237010528 -0.4535116320
-1.1338191753 -0.4798352184
-0.5237010528 -0.4535116320
-1.1338191753 -0.4798352184
-0.5237010528 -0.4535116320
-1.1338191753 -0.4798352184
-0.5237010528 -0.4535116320
-1.1338191753 -0.4798352184
-0.5237010528 -0.4535116320
-1.1338191753 -0.4798352184
-0.5237010528 -0.4535116320
-1.1338191753 -0.4798352184
-0.5237010528 -0.4535116320
-1.1338191753 -0.4798352184
-0.5237010528 -0.4535116320
-1.1338191753 -0.4798352184
-0.5237010528 -0.4535116320
-1.1338191753 -0.4798352184
-0.5237010528 -0.4535116320
-1.1338191753 -0.4798352184
-0.5237010528 -0.4535116320
-1.1338191753 -0.4798352184
-0.5237010528 -0.4535116320
-1.1338191753 -0.4798352184
-0.5237010528 -0.4535116320
-1.1338191753 -0.4798352184
-0.5237010528 -0.4535116320
-1.1338191753 -0.4798352184
-0.5237010528 -0.4535116320
-1.1338191753 -0.4798352184
-0.5237010528 -0.4535116320
-1.1338191753 -0.4798352184
-0.5237010528 -0.4535116320
-1.1338191753 -0.4798352184
-0.5237010528 -0.4535116320
-1.1338191753 -0.4798352184
-0.5237010528 -0.4535116320
-1.1338191753 -0.4798352184
-0.5237010528 -0.4535116320
-1.1338191753 -0.4798352184
-0.5237010528 -0.4535116320
-1.1338191753 -0.4798352184
-0.5237010528 -0.4535116320
-1.1338191753 -0.4798352184
-0.5237010528 -0.4535116320
-1.1338191753 -0.4798352184
-0.5237010528 -0.4535116320
-1.1338191753 -0.4798352184
-0.5237010528 -0.4535116320
-1.1338191753 -0.4798352184
-0.5237010528 -0.4535116320
-1.1338191753 -0.4798352184
-0.5237010528 -0.4535116320
-1.1338191753 -0.4798352184
-0.5237010528 -0.4535116320
-1.1338191753 -0.4798352184
-0.5237010528 -0.4535116320
-1.1338191753 -0.4798352184
-0.5237010528 -0.4535116320
-1.1338191753 -0.4798352184
-0.5237010528 -0.4535116320
-1.1338191753 -0.4798352184
-0.5237010528 -0.4535116320
-1.1338191753 -0.4798352184
-0.5237010528 -0.4535116320
-1.1338191753 -0.4798352184
-0.5237010528 -0.4535116320
-1.1338191753 -0.4798352184
-0.5237010528 -0.4535116320
-1.1338191753 -0.4798352184
-0.5237010528 -0.4535116320
-1.1338191753 -0.4798352184
-0.5237010528 -0.4535116320
-1.1338191753 -0.4798352184
-0.5237010528 -0.4535116320
-1.1338191753 -0.4798352184
-0.5237010528 -0.4535116320
-1.1338191753 -0.4798352184
-0.5237010528 -0.4535116320
-1.1338191753 -0.4798352184
-0.5237010528 -0.4535116320
-1.1338191753 -0.4798352184
-0.5237010528 -0.4535116320
-1.1338191753 -0.4798352184
-0.5237010528 -0.4535116320
-1.1338191753 -0.4798352184
-0.5237010528 -0.4535116320
-1.1338191753 -0.4798352184
-0.5237010528 -0.4535116320
-1.1338191753 -0.4798352184
-0.5237010528 -0.4535116320
-1.1338191753 -0.4798352184
-0.5237010528 -0.4535116320
-1.1338191753 -0.4798352184
-0.5237010528 -0.4535116320
-1.1338191753 -0.4798352184
-0.5237010528 -0.4535116320
-1.1338191753 -0.4798352184
-0.5237010528 -0.4535116320
-1.1338191753 -0.4798352184
-0.5237010528 -0.4535116320
-1.1338191753 -0.4798352184
-0.5237010528 -0.4535116320
-1.1338191753 -0.4798352184
-0.5237010528 -0.4535116320
-1.1338191753 -0.4798352184
-0.5237010528 -0.4535116320
-1.1338191753 -0.4798352184
-0.5237010528 -0.4535116320
-1.1338191753 -0.4798352184
-0.5237010528 -0.4535116320
-1.1338191753 -0.4798352184
-0.5237010528 -0.4535116320
-1.1338191753 -0.4798352184
-0.5237010528 -0.4535116320
-1.1338191753 -0.4798352184
-0.5237010528 -0.4535116320
-1.1338191753 -0.4798352184
-0.5237010528 -0.4535116320
-1.1338191753 -0.4798352184
-0.5237010528 -0.4535116320
-1.1338191753 -0.4798352184
-0.5237010528 -0.4535116320
-1.1338191753 -0.4798352184
-0.5237010528 -0.4535116320
-1.1338191753 -0.4798352184
-0.5237010528 -0.4535116320
-1.1338191753 -0.4798352184
-0.5237010528 -0.4535116320
-1.1338191753 -0.4798352184
-0.5237010528 -0.4535116320
-1.1338191753 -0.4798352184
-0.5237010528 -0.4535116320
-1.1338191753 -0.4798352184
-0.5237010528 -0.4535116320
-1.1338191753 -0.4798352184
-0.5237010528 -0.4535116320
-1.1338191753 -0.4798352184
-0.5237010528 -0.4535116320
-1.1338191753 -0.4798352184
-0.5237010528 -0.4535116320
-1.1338191753 -0.4798352184
-0.5237010528 -0.4535116320
-1.1338191753 -0.4798352184
-0.5237010528 -0.4535116320
-1.1338191753 -0.4798352184
-0.5237010528 -0.4535116320
-1.1338191753 -0.4798352184
-0.5237010528 -0.4535116320
-1.1338191753 -0.4798352184
-0.5237010528 -0.4535116320
-1.1338191753 -0.4798352184
-0.5237010528 -0.4535116320
-1.1338191753 -0.4798352184
-0.5237010528 -0.4535116320
-1.1338191753 -0.4798352184
-0.5237010528 -0.4535116320
-1.1338191753 -0.4798352184
-0.5237010528 -0.4535116320
-1.1338191753 -0.4798352184
-0.5237010528 -0.4535116320
-1.1338191753 -0.4798352184
-0.5237010528 -0.4535116320
-1.1338191753 -0.4798352184
-0.5237010528 -0.4535116320
-1.1338191753 -0.4798352184
-0.5237010528 -0.4535116320
-1.1338191753 -0.4798352184
-0.5237010528 -0.4535116320
-1.1338191753 -0.4798352184
-0.5237010528 -0.4535116320
-1.1338191753 -0.4798352184
-0.5237010528 -0.4535116320
-1.1338191753 -0.4798352184
-0.5237010528 -0.4535116320
-1.1338191753 -0.4798352184
-0.5237010528 -0.4535116320
-1.1338191753 -0.4798352184
-0.5237010528 -0.4535116320
-1.1338191753 -0.4798352184
-0.5237010528 -0.4535116320
-1.1338191753 -0.4798352184
-0.5237010528 -0.4535116320
-1.1338191753 -0.4798352184
-0.5237010528 -0.4535116320
-1.1338191753 -0.4798352184
-0.5237010528 -0.4535116320
-1.1338191753 -0.4798352184
-0.5237010528 -0.4535116320
-1.1338191753 -0.4798352184
-0.5237010528 -0.4535116320
-1.1338191753 -0.4798352184
-0.5237010528 -0.4535116320
-1.1338191753 -0.4798352184
-0.5237010528 -0.4535116320
-1.1338191753 -0.4798352184
-0.5237010528 -0.4535116320
-1.1338191753 -0.4798352184
-0.5237010528 -0.4535116320
-1.1338191753 -0.4798352184
-0.5237010528 -0.4535116320
-1.1338191753 -0.4798352184
-0.5237010528 -0.4535116320
-1.1338191753 -0.4798352184
-0.5237010528 -0.4535116320
-1.1338191753 -0.4798352184
-0.5237010528 -0.4535116320
-1.1338191753 -0.4798352184
-0.5237010528 -0.4535116320
-1.1338191753 -0.4798352184
-0.5237010528 -0.4535116320
-1.1338191753 -0.4798352184
-0.5237010528 -0.4535116320
-1.1338191753 -0.4798352184
-0.5237010528 -0.4535116320
-1.1338191753 -0.4798352184
-0.5237010528 -0.4535116320
-1.1338191753 -0.4798352184
-0.5237010528 -0.4535116320
-1.1338191753 -0.4798352184
-0.5237010528 -0.4535116320
-1.1338191753 -0.4798352184
-0.5237010528 -0.4535116320
-1.1338191753 -0.4798352184
-0.5237010528 -0.4535116320
-1.1338191753 -0.4798352184
-0.5237010528 -0.4535116320
-1.1338191753 -0.4798352184
-0.5237010528 -0.4535116320
-1.1338191753 -0.4798352184
-0.5237010528 -0.4535116320
-1.1338191753 -0.4798352184
-0.5237010528 -0.4535116320
-1.1338191753 -0.4798352184
-0.5237010528 -0.4535116320
-1.1338191753 -0.4798352184
-0.5237010528 -0.4535116320
-1.1338191753 -0.4798352184
-0.5237010528 -0.4535116320
-1.1338191753 -0.4798352184
-0.5237010528 -0.4535116320
-1.1338191753 -0.4798352184
-0.5237010528 -0.4535116320
-1.1338191753 -0.4798352184
-0.5237010528 -0.4535116320
-1.1338191753 -0.4798352184
-0.5237010528 -0.4535116320
-1.1338191753 -0.4798352184
-0.5237010528 -0.4535116320
-1.1338191753 -0.4798352184
-0.5237010528 -0.4535116320
-1.1338191753 -0.4798352184
-0.5237010528 -0.4535116320
-1.1338191753 -0.4798352184
-0.5237010528 -0.4535116320
-1.1338191753 -0.4798352184
-0.5237010528 -0.4535116320
-1.1338191753 -0.4798352184
-0.5237010528 -0.4535116320
-1.1338191753 -0.4798352184
-0.5237010528 -0.4535116320
-1.1338191753 -0.4798352184
-0.5237010528 -0.4535116320
-1.1338191753 -0.4798352184
-0.5237010528 -0.4535116320
-1.1338191753 -0.4798352184
-0.5237010528 -0.4535116320
-1.1338191753 -0.4798352184
-0.5237010528 -0.4535116320
-1.1338191753 -0.4798352184
-0.5237010528 -0.4535116320
-1.1338191753 -0.4798352184
-0.5237010528 -0.4535116320
-1.1338191753 -0.4798352184
-0.5237010528 -0.4535116320
-1.1338191753 -0.4798352184
-0.5237010528 -0.4535116320
-1.1338191753 -0.4798352184
-0.5237010528 -0.4535116320
-1.1338191753 -0.4798352184
-0.5237010528 -0.4535116320
-1.1338191753 -0.4798352184
-0.5237010528 -0.4535116320
-1.1338191753 -0.4798352184
-0.5237010528 -0.4535116320
-1.1338191753 -0.4798352184
-0.5237010528 -0.4535116320
-1.1338191753 -0.4798352184
-0.5237010528 -0.4535116320
-1.1338191753 -0.4798352184
-0.5237010528 -0.4535116320
-1.1338191753 -0.4798352184
-0.5237010528 -0.4535116320
-1.1338191753 -0.4798352184
-0.5237010528 -0.4535116320
-1.1338191753 -0.4798352184
-0.5237010528 -0.4535116320
-1.1338191753 -0.4798352184
-0.5237010528 -0.4535116320
-1.1338191753 -0.4798352184
-0.5237010528 -0.4535116320
-1.1338191753 -0.4798352184
-0.5237010528 -0.4535116320
-1.1338191753 -0.4798352184
-0.5237010528 -0.4535116320
-1.1338191753 -0.4798352184
-0.5237010528 -0.4535116320
-1.1338191753 -0.4798352184
-0.5237010528 -0.4535116320
-1.1338191753 -0.4798352184
-0.5237010528 -0.4535116320
-1.1338191753 -0.4798352184
-0.5237010528 -0.4535116320
-1.1338191753 -0.4798352184
-0.5237010528 -0.4535116320
-1.1338191753 -0.4798352184
-0.5237010528 -0.4535116320
-1.1338191753 -0.4798352184
-0.5237010528 -0.4535116320
-1.1338191753 -0.4798352184
-0.5237010528 -0.4535116320
-1.1338191753 -0.4798352184
-0.5237010528 -0.4535116320
-1.1338191753 -0.4798352184
-0.5237010528 -0.4535116320
-1.1338191753 -0.4798352184
-0.5237010528 -0.4535116320
-1.1338191753 -0.4798352184
-0.5237010528 -0.4535116320
-1.1338191753 -0.4798352184
-0.5237010528 -0.4535116320
-1.1338191753 -0.4798352184
-0.5237010528 -0.4535116320
-1.1338191753 -0.4798352184
-0.5237010528 -0.4535116320
-1.1338191753 -0.4798352184
-0.5237010528 -0.4535116320
-1.1338191753 -0.4798352184
-0.5237010528 -0.4535116320
-1.1338191753 -0.4798352184
-0.5237010528 -0.4535116320
-1.1338191753 -0.4798352184
-0.5237010528 -0.4535116320
-1.1338191753 -0.4798352184
-0.5237010528 -0.4535116320
-1.1338191753 -0.4798352184
-0.5237010528 -0.4535116320
-1.1338191753 -0.4798352184
-0.5237010528 -0.4535116320
-1.1338191753 -0.4798352184
-0.5237010528 -0.4535116320
-1.1338191753 -0.4798352184
-0.5237010528 -0.4535116320
-1.1338191753 -0.4798352184
-0.5237010528 -0.4535116320
-1.1338191753 -0.4798352184
-0.5237010528 -0.4535116320
-1.1338191753 -0.4798352184
-0.5237010528 -0.4535116320
-1.1338191753 -0.4798352184
-0.5237010528 -0.4535116320
-1.1338191753 -0.4798352184
-0.5237010528 -0.4535116320
-1.1338191753 -0.4798352184
-0.5237010528 -0.4535116320
-1.1338191753 -0.4798352184
-0.5237010528 -0.4535116320
-1.1338191753 -0.4798352184
-0.5237010528 -0.4535116320
-1.1338191753 -0.4798352184
-0.5237010528 -0.4535116320
-1.1338191753 -0.4798352184
-0.5237010528 -0.4535116320
-1.1338191753 -0.4798352184
-0.5237010528 -0.4535116320
-1.1338191753 -0.4798352184
-0.5237010528 -0.4535116320
-1.1338191753 -0.4798352184
-0.5237010528 -0.4535116320
-1.1338191753 -0.4798352184
-0.5237010528 -0.4535116320
-1.1338191753 -0.4798352184
-0.5237010528 -0.4535116320
-1.1338191753 -0.4798352184
-0.5237010528 -0.4535116320
-1.1338191753 -0.4798352184
-0.5237010528 -0.4535116320
-1.1338191753 -0.4798352184
-0.5237010528 -0.4535116320
-1.1338191753 -0.4798352184
-0.5237010528 -0.4535116320
-1.1338191753 -0.4798352184
-0.5237010528 -0.4535116320
-1.1338191753 -0.4798352184
-0.5237010528 -0.4535116320
-1.1338191753 -0.4798352184
-0.5237010528 -0.4535116320
-1.1338191753 -0.4798352184
-0.5237010528 -0.4535116320
-1.1338191753 -0.4798352184
-0.5237010528 -0.4535116320
-1.1338191753 -0.4798352184
-0.5237010528 -0.4535116320
-1.1338191753 -0.4798352184
-0.5237010528 -0.4535116320
-1.1338191753 -0.4798352184
-0.5237010528 -0.4535116320
-1.1338191753 -0.4798352184
-0.5237010528 -0.4535116320
-1.1338191753 -0.4798352184
-0.5237010528 -0.4535116320
-1.1338191753 -0.4798352184
-0.5237010528 -0.4535116320
-1.1338191753 -0.4798352184
-0.5237010528 -0.4535116320
-1.1338191753 -0.4798352184
-0.5237010528 -0.4535116320
-1.1338191753 -0.4798352184
-0.5237010528 -0.4535116320
-1.1338191753 -0.4798352184
-0.5237010528 -0.4535116320
-1.1338191753 -0.4798352184
-0.5237010528 -0.4535116320
-1.1338191753 -0.4798352184
-0.5237010528 -0.4535116320
-1.1338191753 -0.4798352184
-0.5237010528 -0.4535116320
-1.1338191753 -0.4798352184
-0.5237010528 -0.4535116320
-1.1338191753 -0.4798352184
-0.5237010528 -0.4535116320
-1.1338191753 -0.4798352184
-0.5237010528 -0.4535116320
-1.1338191753 -0.4798352184
-0.5237010528 -0.4535116320
-1.1338191753 -0.4798352184
-0.5237010528 -0.4535116320
-1.1338191753 -0.4798352184
-0.5237010528 -0.4535116320
-1.1338191753 -0.4798352184
-0.5237010528 -0.4535116320
-1.1338191753 -0.4798352184
-0.5237010528 -0.4535116320
-1.1338191753 -0.4798352184
-0.5237010528 -0.4535116320
-1.1338191753 -0.4798352184
-0.5237010528 -0.4535116320
-1.1338191753 -0.4798352184
-0.5237010528 -0.4535116320
-1.1338191753 -0.4798352184
-0.5237010528 -0.4535116320
-1.1338191753 -0.4798352184
-0.5237010528 -0.4535116320
-1.1338191753 -0.4798352184
-0.5237010528 -0.4535116320
-1.1338191753 -0.4798352184
-0.5237010528 -0.4535116320
-1.1338191753 -0.4798352184
-0.5237010528 -0.4535116320
-1.1338191753 -0.4798352184
-0.5237010528 -0.4535116320
-1.1338191753 -0.4798352184
-0.5237010528 -0.4535116320
-1.1338191753 -0.4798352184
-0.5237010528 -0.4535116320
-1.1338191753 -0.4798352184
-0.5237010528 -0.4535116320
-1.1338191753 -0.4798352184
-0.5237010528 -0.4535116320
-1.1338191753 -0.4798352184
-0.5237010528 -0.4535116320
-1.1338191753 -0.4798352184
-0.5237010528 -0.4535116320
-1.1338191753 -0.4798352184
-0.5237010528 -0.4535116320
-1.1338191753 -0.4798352184
-0.5237010528 -0.4535116320
-1.1338191753 -0.4798352184
-0.5237010528 -0.4535116320
-1.1338191753 -0.4798352184
-0.5237010528 -0.4535116320
-1.1338191753 -0.4798352184
-0.5237010528 -0.4535116320
-1.1338191753 -0.4798352184
-0.5237010528 -0.4535116320
-1.1338191753 -0.4798352184
-0.5237010528 -0.4535116320
-1.1338191753 -0.4798352184
-0.5237010528 -0.4535116320
-1.1338191753 -0.4798352184
-0.5237010528 -0.4535116320
-1.1338191753 -0.4798352184
-0.5237010528 -0.4535116320
-1.1338191753 -0.4798352184
-0.5237010528 -0.4535116320
-1.1338191753 -0.4798352184
-0.5237010528 -0.4535116320
-1.1338191753 -0.4798352184
-0.5237010528 -0.4535116320
-1.1338191753 -0.4798352184
-0.5237010528 -0.4535116320
-1.1338191753 -0.4798352184
-0.5237010528 -0.4535116320
-1.1338191753 -0.4798352184
-0.5237010528 -0.4535116320
-1.1338191753 -0.4798352184
-0.5237010528 -0.4535116320
-1.1338191753 -0.4798352184
-0.5237010528 -0.4535116320
-1.1338191753 -0.4798352184
-0.5237010528 -0.4535116320
-1.1338191753 -0.4798352184
-0.5237010528 -0.4535116320
-1.1338191753 -0.4798352184
-0.5237010528 -0.4535116320
-1.1338191753 -0.4798352184
-0.5237010528 -0.4535116320
-1.1338191753 -0.4798352184
-0.5237010528 -0.4535116320
-1.1338191753 -0.4798352184
-0.5237010528 -0.4535116320
-1.1338191753 -0.4798352184
-0.5237010528 -0.4535116320
-1.1338191753 -0.4798352184
-0.5237010528 -0.4535116320
-1.1338191753 -0.4798352184
-0.5237010528 -0.4535116320
-1.1338191753 -0.4798352184
-0.5237010528 -0.4535116320
-1.1338191753 -0.4798352184
-0.5237010528 -0.4535116320
-1.1338191753 -0.4798352184
-0.5237010528 -0.4535116320
-1.1338191753 -0.4798352184
-0.5237010528 -0.4535116320
-1.1338191753 -0.4798352184
-0.5237010528 -0.4535116320
-1.1338191753 -0.4798352184
-0.5237010528 -0.4535116320
-1.1338191753 -0.4798352184
-0.5237010528 -0.4535116320
-1.1338191753 -0.4798352184
-0.5237010528 -0.4535116320
-1.1338191753 -0.4798352184
-0.5237010528 -0.4535116320
-1.1338191753 -0.4798352184
-0.5237010528 -0.4535116320
-1.1338191753 -0.4798352184
-0.5237010528 -0.4535116320
-1.1338191753 -0.4798352184
-0.5237010528 -0.4535116320
-1.1338191753 -0.4798352184
-0.5237010528 -0.4535116320
-1.1338191753 -0.4798352184
-0.5237010528 -0.4535116320
-1.1338191753 -0.4798352184
-0.5237010528 -0.4535116320
-1.1338191753 -0.4798352184
-0.5237010528 -0.4535116320
-1.1338191753 -0.4798352184
-0.5237010528 -0.4535116320
-1.1338191753 -0.4798352184
-0.5237010528 -0.4535116320
-1.1338191753 -0.4798352184
-0.5237010528 -0.4535116320
-1.1338191753 -0.4798352184
-0.5237010528 -0.4535116320
-1.1338191753 -0.4798352184
-0.5237010528 -0.4535116320
-1.1338191753 -0.4798352184
-0.5237010528 -0.4535116320
-1.1338191753 -0.4798352184
-0.5237010528 -0.4535116320
-1.1338191753 -0.4798352184
-0.5237010528 -0.4535116320
-1.1338191753 -0.4798352184
-0.5237010528 -0.4535116320
-1.1338191753 -0.4798352184
-0.5237010528 -0.4535116320
-1.1338191753 -0.4798352184
-0.5237010528 -0.4535116320
-1.1338191753 -0.4798352184
-0.5237010528 -0.4535116320
-1.1338191753 -0.4798352184
-0.5237010528 -0.4535116320
-1.1338191753 -0.4798352184
-0.5237010528 -0.4535116320
-1.1338191753 -0.4798352184
-0.5237010528 -0.4535116320
-1.1338191753 -0.4798352184
-0.5237010528 -0.4535116320
-1.1338191753 -0.4798352184
-0.5237010528 -0.4535116320
-1.1338191753 -0.4798352184
-0.5237010528 -0.4535116320
-1.1338191753 -0.4798352184
-0.5237010528 -0.4535116320
-1.1338191753 -0.4798352184
-0.5237010528 -0.4535116320
-1.1338191753 -0.4798352184
-0.5237010528 -0.4535116320
-1.1338191753 -0.4798352184
-0.5237010528 -0.4535116320
-1.1338191753 -0.4798352184
-0.5237010528 -0.4535116320
-1.1338191753 -0.4798352184
-0.5237010528 -0.4535116320
-1.1338191753 -0.4798352184
-0.5237010528 -0.4535116320
-1.1338191753 -0.4798352184
-0.5237010528 -0.4535116320
-1.1338191753 -0.4798352184
-0.5237010528 -0.4535116320
-1.1338191753 -0.4798352184
-0.5237010528 -0.4535116320
-1.1338191753 -0.4798352184
-0.5237010528 -0.4535116320
-1.1338191753 -0.4798352184
-0.5237010528 -0.4535116320
-1.1338191753 -0.4798352184
-0.5237010528 -0.4535116320
-1.1338191753 -0.4798352184
-0.5237010528 -0.4535116320
-1.1338191753 -0.4798352184
-0.5237010528 -0.4535116320
-1.1338191753 -0.4798352184
-0.5237010528 -0.4535116320
-1.1338191753 -0.4798352184
-0.5237010528 -0.4535116320
-1.1338191753 -0.4798352184
-0.5237010528 -0.4535116320
-1.1338191753 -0.4798352184
-0.5237010528 -0.4535116320
-1.1338191753 -0.4798352184
-0.5237010528 -0.4535116320
-1.1338191753 -0.4798352184
-0.5237010528 -0.4535116320
-1.1338191753 -0.4798352184
-0.5237010528 -0.4535116320
-1.1338191753 -0.4798352184
-0.5237010528 -0.4535116320
-1.1338191753 -0.4798352184
-0.5237010528 -0.4535116320
-1.1338191753 -0.4798352184
-0.5237010528 -0.4535116320
-1.1338191753 -0.4798352184
-0.5237010528 -0.4535116320
-1.1338191753 -0.4798352184
-0.5237010528 -0.4535116320
-1.1338191753 -0.4798352184
-0.5237010528 -0.4535116320
-1.1338191753 -0.4798352184
-0.5237010528 -0.4535116320
-1.1338191753 -0.4798352184
-0.5237010528 -0.4535116320
-1.1338191753 -0.4798352184
-0.5237010528 -0.4535116320
-1.1338191753 -0.4798352184
-0.5237010528 -0.4535116320
-1.1338191753 -0.4798352184
-0.5237010528 -0.4535116320
-1.1338191753 -0.4798352184
-0.5237010528 -0.4535116320
-1.1338191753 -0.4798352184
-0.5237010528 -0.4535116320
-1.1338191753 -0.4798352184
-0.5237010528 -0.4535116320
-1.1338191753 -0.4798352184
-0.5237010528 -0.4535116320
-1.1338191753 -0.4798352184
-0.5237010528 -0.4535116320
-1.1338191753 -0.4798352184
-0.5237010528 -0.4535116320
-1.1338191753 -0.4798352184
-0.5237010528 -0.4535116320
-1.1338191753 -0.4798352184
-0.5237010528 -0.4535116320
-1.1338191753 -0.4798352184
-0.5237010528 -0.4535116320
-1.1338191753 -0.4798352184
-0.5237010528 -0.4535116320
-1.1338191753 -0.4798352184
-0.5237010528 -0.4535116320
-1.1338191753 -0.4798352184
-0.5237010528 -0.4535116320
-1.1338191753 -0.4798352184
-0.5237010528 -0.4535116320
-1.1338191753 -0.4798352184
-0.5237010528 -0.4535116320
-1.1338191753 -0.4798352184
-0.5237010528 -0.4535116320
-1.1338191753 -0.4798352184
-0.5237010528 -0.4535116320
-1.1338191753 -0.4798352184
-0.5237010528 -0.4535116320
-1.1338191753 -0.4798352184
-0.5237010528 -0.4535116320
-1.1338191753 -0.4798352184
-0.5237010528 -0.4535116320
-1.1338191753 -0.4798352184
-0.5237010528 -0.4535116320
-1.1338191753 -0.4798352184
-0.5237010528 -0.4535116320
-1.1338191753 -0.4798352184
-0.5237010528 -0.4535116320
-1.1338191753 -0.4798352184
-0.5237010528 -0.4535116320
-1.1338191753 -0.4798352184
-0.5237010528 -0.4535116320
-1.1338191753 -0.4798352184
-0.5237010528 -0.4535116320
-1.1338191753 -0.4798352184
-0.5237010528 -0.4535116320
-1.1338191753 -0.4798352184
-0.5237010528 -0.4535116320
-1.1338191753 -0.4798352184
-0.5237010528 -0.4535116320
-1.1338191753 -0.4798352184
-0.5237010528 -0.4535116320
-1.1338191753 -0.4798352184
-0.5237010528 -0.4535116320
-1.1338191753 -0.4798352184
-0.5237010528 -0.4535116320
-1.1338191753 -0.4798352184
-0.5237010528 -0.4535116320
-1.1338191753 -0.4798352184
-0.5237010528 -0.4535116320
-1.1338191753 -0.4798352184
-0.5237010528 -0.4535116320
-1.1338191753 -0.4798352184
-0.5237010528 -0.4535116320
-1.1338191753 -0.4798352184
-0.5237010528 -0.4535116320
-1.1338191753 -0.4798352184
-0.5237010528 -0.4535116320
-1.1338191753 -0.4798352184
-0.5237010528 -0.4535116320
-1.1338191753 -0.4798352184
-0.5237010528 -0.4535116320
-1.1338191753 -0.4798352184
-0.5237010528 -0.4535116320
-1.1338191753 -0.4798352184
-0.5237010528 -0.4535116320
-1.1338191753 -0.4798352184
-0.5237010528 -0.4535116320
-1.1338191753 -0.4798352184
-0.5237010528 -0.4535116320
-1.1338191753 -0.4798352184
-0.5237010528 -0.4535116320
-1.1338191753 -0.4798352184
