0 0.7557628633 2.1064439007 0.5500053277
1 0.6908448043 2.1064439007 0.5324396109
2 0.5883868218 2.1064439007 0.4894419916
3 0.4317528908 2.1064439007 0.3921324930
4 0.2062090404 2.1064439007 0.2018403262
5 -0.0841346952 2.1064439007 -0.0838370909
6 -0.3908463594 2.1064439007 -0.3613714444
7 -0.6313089547 2.1064439007 -0.5096277222
8 -0.7660522814 2.1064439007 -0.5520580390
9 -0.8248135416 2.1064439007 -0.5597959329
10 -0.8474228729 2.1064439007 -0.5609236881
11 -0.8557024641 2.1064439007 -0.5610740845
12 -0.8586802630 2.1064439007 -0.5610935002
13 -0.8597443476 2.1064439007 -0.5610959776
14 -0.8601237118 2.1064439007 -0.5610962924
15 -0.8602588506 2.1064439007 -0.5610963324
16 -0.8603069763 2.1064439007 -0.5610963375
17 -0.8603241131 2.1064439007 -0.5610963381
18 -0.8603302150 2.1064439007 -0.5610963382
19 -0.8603323876 2.1064439007 -0.5610963382
20 -0.8603331613 2.1064439007 -0.5610963382
21 -0.8603334367 2.1064439007 -0.5610963382
