0.7557628633 0.5500053277
0.5861382575 0.4883018185
0.1739602044 0.1713346306
-0.5994256029 -0.4949216280
-0.9942867344 -0.5419867020
-0.7606183101 -0.5509994379
-0.9226692194 -0.5570102092
-0.8158527689 -0.5590611212
-0.8896062269 -0.5602010253
-0.8399132460 -0.5606651256
-0.8740470037 -0.5609004645
-0.8508754684 -0.5610036135
-0.8667415201 -0.5610536343
-0.8559383207 -0.5610762925
-0.8633233132 -0.5610870488
-0.8582882573 -0.5610919952
-0.8617274069 -0.5610943199
-0.8593812199 -0.5610953964
-0.8609831447 -0.5610958999
-0.8598900150 -0.5610961339
-0.8606362445 -0.5610962430
-0.8601269645 -0.5610962939
-0.8604745971 -0.5610963175
-0.8602373341 -0.5610963286
-0.8603992825 -0.5610963337
-0.8602887480 -0.5610963361
-0.8603641940 -0.5610963372
-0.8603126992 -0.5610963377
-0.8603478470 -0.5610963380
-0.8603238572 -0.5610963381
-0.8603402314 -0.5610963381
-0.8603290553 -0.5610963382
-0.8603366835 -0.5610963382
-0.8603314769 -0.5610963382
-0.8603350306 -0.5610963382
-0.8603326050 -0.5610963382
-0.8603342606 -0.5610963382
-0.8603331306 -0.5610963382
-0.8603339019 -0.5610963382
-0.8603333755 -0.5610963382
-0.8603337348 -0.5610963382
-0.8603334895 -0.5610963382
-0.8603336569 -0.5610963382
-0.8603335427 -0.5610963382
